23,17,12,9,7
23,17,13,9,7
23,22,12,9,7
23,17,12,9,8,7
23,17,13,12,9,7
23,17,22,12,9,7
23,22,21,12,9,7
23,17,21,12,9,7
23,22,17,12,9,7
23,22,15,12,9,7
23,22,17,13,9,7
23,22,12,13,9,7
23,17,12,13,9,7
23,17,15,12,9,7
23,22,12,9,8,7
23,17,13,9,8,7
23,17,15,11,8,7
23,22,12,11,8,7
23,17,12,11,8,7
23,22,15,11,8,7
23,17,12,9,8,2,7
23,17,12,11,8,9,7
23,22,12,11,8,9,7
23,17,15,11,8,9,7
23,22,17,15,12,9,7
23,22,17,13,12,9,7
23,22,15,11,12,9,7
23,17,15,11,12,9,7
23,17,21,22,12,9,7
23,17,15,22,12,9,7
23,22,15,21,12,9,7
23,22,17,21,12,9,7
23,17,22,21,12,9,7
23,17,15,21,12,9,7
23,22,21,17,12,9,7
23,22,15,17,12,9,7
23,17,21,15,12,9,7
23,22,21,15,12,9,7
23,17,22,15,12,9,7
23,22,15,17,13,9,7
23,22,15,12,13,9,7
23,22,17,12,13,9,7
23,17,21,12,13,9,7
23,22,21,12,13,9,7
23,17,22,12,13,9,7
23,17,15,12,13,9,7
23,22,21,17,13,9,7
23,22,12,17,13,9,7
23,22,15,11,8,9,7
23,17,12,13,9,8,7
23,22,12,13,9,8,7
23,22,17,13,9,8,7
23,22,15,12,9,8,7
23,22,17,12,9,8,7
23,17,21,12,9,8,7
23,22,21,12,9,8,7
23,17,22,12,9,8,7
23,17,13,12,9,8,7
23,17,15,11,10,8,7
23,22,15,14,10,8,7
23,17,15,14,10,8,7
23,22,12,11,10,8,7
23,17,12,11,10,8,7
23,22,15,11,10,8,7
23,22,17,15,11,8,7
23,22,15,12,11,8,7
23,22,17,12,11,8,7
23,17,21,12,11,8,7
23,22,21,12,11,8,7
23,17,22,12,11,8,7
23,17,13,12,11,8,7
23,17,15,12,11,8,7
23,17,21,15,11,8,7
23,22,21,15,11,8,7
23,17,22,15,11,8,7
23,17,12,15,11,8,7
23,22,12,15,11,8,7
23,17,15,12,9,8,7
23,22,12,9,8,5,7
23,17,13,9,8,5,7
23,17,15,11,8,5,7
23,22,12,11,8,5,7
23,17,12,11,8,5,7
23,22,15,11,8,5,7
23,17,15,11,10,5,7
23,22,15,14,10,5,7
23,17,15,14,10,5,7
23,22,12,11,10,5,7
23,17,12,11,10,5,7
23,22,15,11,10,5,7
23,17,12,9,8,5,7
23,22,12,9,8,3,7
23,17,13,9,8,3,7
23,17,15,11,8,3,7
23,22,12,11,8,3,7
23,17,12,11,8,3,7
23,22,15,11,8,3,7
23,17,12,9,8,3,7
23,22,12,9,8,2,7
23,17,13,9,8,2,7
23,17,15,11,8,2,7
23,22,12,11,8,2,7
23,17,12,11,8,2,7
23,22,15,11,8,2,7
23,17,12,9,8,3,2,7
23,17,12,15,11,8,9,7
23,17,22,15,11,8,9,7
23,22,21,15,11,8,9,7
23,17,21,15,11,8,9,7
23,17,15,12,11,8,9,7
23,17,13,12,11,8,9,7
23,17,22,12,11,8,9,7
23,22,21,12,11,8,9,7
23,17,21,12,11,8,9,7
23,22,17,12,11,8,9,7
23,22,15,12,11,8,9,7
23,22,17,15,11,8,9,7
23,22,15,11,10,8,9,7
23,17,12,11,10,8,9,7
23,22,12,11,10,8,9,7
23,17,15,14,10,8,9,7
23,22,15,14,10,8,9,7
23,17,15,11,10,8,9,7
23,17,21,15,22,12,9,7
23,17,15,21,22,12,9,7
23,17,22,15,21,12,9,7
23,22,15,17,21,12,9,7
23,17,15,20,21,12,9,7
23,22,15,20,21,12,9,7
23,17,15,22,21,12,9,7
23,22,17,15,21,12,9,7
23,22,21,15,17,12,9,7
23,22,15,21,17,12,9,7
23,22,21,17,15,12,9,7
23,22,21,20,15,12,9,7
23,17,21,20,15,12,9,7
23,17,22,21,15,12,9,7
23,22,17,21,15,12,9,7
23,17,21,22,15,12,9,7
23,22,21,17,13,12,9,7
23,22,15,17,13,12,9,7
23,17,22,15,11,12,9,7
23,22,21,15,11,12,9,7
23,17,21,15,11,12,9,7
23,22,17,15,11,12,9,7
23,22,21,15,17,13,9,7
23,22,12,21,17,13,9,7
23,22,15,21,17,13,9,7
23,22,21,12,17,13,9,7
23,22,15,12,17,13,9,7
23,22,12,15,17,13,9,7
23,17,22,15,12,13,9,7
23,22,21,15,12,13,9,7
23,17,21,15,12,13,9,7
23,22,15,17,12,13,9,7
23,22,21,17,12,13,9,7
23,17,15,21,12,13,9,7
23,17,22,21,12,13,9,7
23,22,17,21,12,13,9,7
23,22,15,21,12,13,9,7
23,17,15,22,12,13,9,7
23,17,21,22,12,13,9,7
23,17,15,11,12,13,9,7
23,22,15,11,12,13,9,7
23,22,17,15,12,13,9,7
23,22,12,15,11,8,9,7
23,17,12,11,10,5,8,7
23,22,12,11,10,5,8,7
23,17,15,14,10,5,8,7
23,22,15,14,10,5,8,7
23,17,15,11,10,5,8,7
23,22,12,17,13,9,8,7
23,22,21,17,13,9,8,7
23,17,15,12,13,9,8,7
23,17,22,12,13,9,8,7
23,22,21,12,13,9,8,7
23,17,21,12,13,9,8,7
23,22,17,12,13,9,8,7
23,22,15,12,13,9,8,7
23,22,15,17,13,9,8,7
23,17,22,15,12,9,8,7
23,22,21,15,12,9,8,7
23,17,21,15,12,9,8,7
23,22,15,17,12,9,8,7
23,22,21,17,12,9,8,7
23,17,15,21,12,9,8,7
23,17,22,21,12,9,8,7
23,22,17,21,12,9,8,7
23,22,15,21,12,9,8,7
23,17,15,22,12,9,8,7
23,17,21,22,12,9,8,7
23,17,15,11,12,9,8,7
23,22,15,11,12,9,8,7
23,22,17,13,12,9,8,7
23,22,17,15,12,9,8,7
23,22,15,20,18,10,8,7
23,17,21,20,18,10,8,7
23,22,21,20,18,10,8,7
23,17,15,14,18,10,8,7
23,22,15,14,18,10,8,7
23,17,15,20,18,10,8,7
23,22,12,15,14,10,8,7
23,17,12,15,14,10,8,7
23,17,22,15,14,10,8,7
23,22,21,15,14,10,8,7
23,17,21,15,14,10,8,7
23,17,15,20,14,10,8,7
23,22,21,20,14,10,8,7
23,17,21,20,14,10,8,7
23,22,15,20,14,10,8,7
23,22,17,15,14,10,8,7
23,22,12,15,11,10,8,7
23,17,12,15,11,10,8,7
23,17,22,15,11,10,8,7
23,22,21,15,11,10,8,7
23,17,21,15,11,10,8,7
23,17,15,12,11,10,8,7
23,17,13,12,11,10,8,7
23,17,22,12,11,10,8,7
23,22,21,12,11,10,8,7
23,17,21,12,11,10,8,7
23,22,17,12,11,10,8,7
23,22,15,12,11,10,8,7
23,22,17,15,11,10,8,7
23,22,21,17,15,11,8,7
23,22,21,20,15,11,8,7
23,17,21,20,15,11,8,7
23,22,12,21,15,11,8,7
23,17,12,21,15,11,8,7
23,17,22,21,15,11,8,7
23,22,17,21,15,11,8,7
23,17,12,22,15,11,8,7
23,17,21,22,15,11,8,7
23,17,13,12,15,11,8,7
23,17,22,12,15,11,8,7
23,22,21,12,15,11,8,7
23,17,21,12,15,11,8,7
23,22,17,12,15,11,8,7
23,22,12,17,15,11,8,7
23,17,22,15,12,11,8,7
23,22,21,15,12,11,8,7
23,17,21,15,12,11,8,7
23,22,15,17,12,11,8,7
23,22,21,17,12,11,8,7
23,17,15,21,12,11,8,7
23,17,22,21,12,11,8,7
23,22,17,21,12,11,8,7
23,22,15,21,12,11,8,7
23,17,15,22,12,11,8,7
23,17,21,22,12,11,8,7
23,17,13,9,12,11,8,7
23,22,17,13,12,11,8,7
23,22,17,15,12,11,8,7
23,17,15,14,10,11,8,7
23,22,15,14,10,11,8,7
23,22,15,11,10,5,8,7
23,22,15,11,8,2,5,7
23,17,12,11,8,2,5,7
23,22,12,11,8,2,5,7
23,17,15,11,8,2,5,7
23,17,13,9,8,2,5,7
23,22,12,9,8,2,5,7
23,17,12,9,8,3,5,7
23,22,15,11,8,3,5,7
23,17,12,11,8,3,5,7
23,22,12,11,8,3,5,7
23,17,15,11,8,3,5,7
23,17,13,9,8,3,5,7
23,22,12,9,8,3,5,7
23,17,15,12,9,8,5,7
23,22,12,15,11,8,5,7
23,17,12,15,11,8,5,7
23,17,22,15,11,8,5,7
23,22,21,15,11,8,5,7
23,17,21,15,11,8,5,7
23,17,15,12,11,8,5,7
23,17,13,12,11,8,5,7
23,17,22,12,11,8,5,7
23,22,21,12,11,8,5,7
23,17,21,12,11,8,5,7
23,22,17,12,11,8,5,7
23,22,15,12,11,8,5,7
23,22,17,15,11,8,5,7
23,22,15,11,10,8,5,7
23,17,12,11,10,8,5,7
23,22,12,11,10,8,5,7
23,17,15,14,10,8,5,7
23,22,15,14,10,8,5,7
23,17,15,11,10,8,5,7
23,17,13,12,9,8,5,7
23,17,22,12,9,8,5,7
23,22,21,12,9,8,5,7
23,17,21,12,9,8,5,7
23,22,17,12,9,8,5,7
23,22,15,12,9,8,5,7
23,22,17,13,9,8,5,7
23,22,12,13,9,8,5,7
23,17,12,13,9,8,5,7
23,17,12,9,8,10,5,7
23,22,15,20,18,10,5,7
23,17,21,20,18,10,5,7
23,22,21,20,18,10,5,7
23,17,15,14,18,10,5,7
23,22,15,14,18,10,5,7
23,17,15,20,18,10,5,7
23,22,12,15,14,10,5,7
23,17,12,15,14,10,5,7
23,17,22,15,14,10,5,7
23,22,21,15,14,10,5,7
23,17,21,15,14,10,5,7
23,17,15,20,14,10,5,7
23,22,21,20,14,10,5,7
23,17,21,20,14,10,5,7
23,22,15,20,14,10,5,7
23,22,17,15,14,10,5,7
23,22,12,15,11,10,5,7
23,17,12,15,11,10,5,7
23,17,22,15,11,10,5,7
23,22,21,15,11,10,5,7
23,17,21,15,11,10,5,7
23,17,15,12,11,10,5,7
23,17,13,12,11,10,5,7
23,17,22,12,11,10,5,7
23,22,21,12,11,10,5,7
23,17,21,12,11,10,5,7
23,22,17,12,11,10,5,7
23,22,15,12,11,10,5,7
23,22,17,15,11,10,5,7
23,22,12,9,8,10,5,7
23,17,13,9,8,10,5,7
23,17,15,11,8,10,5,7
23,22,12,11,8,10,5,7
23,17,12,11,8,10,5,7
23,22,15,11,8,10,5,7
23,17,12,9,8,2,5,7
23,22,12,9,8,2,4,7
23,17,13,9,8,2,4,7
23,17,15,11,8,2,4,7
23,22,12,11,8,2,4,7
23,17,12,11,8,2,4,7
23,22,15,11,8,2,4,7
23,17,12,9,8,3,4,7
23,22,15,11,8,3,4,7
23,17,12,11,8,3,4,7
23,22,12,11,8,3,4,7
23,17,15,11,8,3,4,7
23,17,13,9,8,3,4,7
23,22,12,9,8,3,4,7
23,17,12,9,8,2,4,7
23,22,15,11,8,2,3,7
23,17,12,11,8,2,3,7
23,22,12,11,8,2,3,7
23,17,15,11,8,2,3,7
23,17,13,9,8,2,3,7
23,22,12,9,8,2,3,7
23,17,12,9,8,5,3,7
23,22,15,11,10,5,3,7
23,17,12,11,10,5,3,7
23,22,12,11,10,5,3,7
23,17,15,14,10,5,3,7
23,22,15,14,10,5,3,7
23,17,15,11,10,5,3,7
23,22,15,11,8,5,3,7
23,17,12,11,8,5,3,7
23,22,12,11,8,5,3,7
23,17,15,11,8,5,3,7
23,17,13,9,8,5,3,7
23,22,12,9,8,5,3,7
23,17,15,12,9,8,3,7
23,22,12,15,11,8,3,7
23,17,12,15,11,8,3,7
23,17,22,15,11,8,3,7
23,22,21,15,11,8,3,7
23,17,21,15,11,8,3,7
23,17,15,12,11,8,3,7
23,17,13,12,11,8,3,7
23,17,22,12,11,8,3,7
23,22,21,12,11,8,3,7
23,17,21,12,11,8,3,7
23,22,17,12,11,8,3,7
23,22,15,12,11,8,3,7
23,22,17,15,11,8,3,7
23,22,15,11,10,8,3,7
23,17,12,11,10,8,3,7
23,22,12,11,10,8,3,7
23,17,15,14,10,8,3,7
23,22,15,14,10,8,3,7
23,17,15,11,10,8,3,7
23,17,13,12,9,8,3,7
23,17,22,12,9,8,3,7
23,22,21,12,9,8,3,7
23,17,21,12,9,8,3,7
23,22,17,12,9,8,3,7
23,22,15,12,9,8,3,7
23,22,17,13,9,8,3,7
23,22,12,13,9,8,3,7
23,17,12,13,9,8,3,7
23,17,12,9,8,2,3,7
23,22,15,11,8,3,2,7
23,17,12,11,8,3,2,7
23,22,12,11,8,3,2,7
23,17,15,11,8,3,2,7
23,17,13,9,8,3,2,7
23,22,12,9,8,3,2,7
23,17,12,9,8,5,2,7
23,22,15,11,10,5,2,7
23,17,12,11,10,5,2,7
23,22,12,11,10,5,2,7
23,17,15,14,10,5,2,7
23,22,15,14,10,5,2,7
23,17,15,11,10,5,2,7
23,22,15,11,8,5,2,7
23,17,12,11,8,5,2,7
23,22,12,11,8,5,2,7
23,17,15,11,8,5,2,7
23,17,13,9,8,5,2,7
23,22,12,9,8,5,2,7
23,17,15,12,9,8,2,7
23,22,12,15,11,8,2,7
23,17,12,15,11,8,2,7
23,17,22,15,11,8,2,7
23,22,21,15,11,8,2,7
23,17,21,15,11,8,2,7
23,17,15,12,11,8,2,7
23,17,13,12,11,8,2,7
23,17,22,12,11,8,2,7
23,22,21,12,11,8,2,7
23,17,21,12,11,8,2,7
23,22,17,12,11,8,2,7
23,22,15,12,11,8,2,7
23,22,17,15,11,8,2,7
23,22,15,11,10,8,2,7
23,17,12,11,10,8,2,7
23,22,12,11,10,8,2,7
23,17,15,14,10,8,2,7
23,22,15,14,10,8,2,7
23,17,15,11,10,8,2,7
23,17,13,12,9,8,2,7
23,17,22,12,9,8,2,7
23,22,21,12,9,8,2,7
23,17,21,12,9,8,2,7
23,22,17,12,9,8,2,7
23,22,15,12,9,8,2,7
23,22,17,13,9,8,2,7
23,22,12,13,9,8,2,7
23,17,12,13,9,8,2,7
