10,18
10,14,18
10,14,20,18
10,11,15,14,18
10,14,15,20,18
10,11,15,20,18
10,8,11,15,14,18
10,8,11,15,20,18
10,11,12,15,20,18
10,11,12,21,20,18
10,14,15,21,20,18
10,11,15,21,20,18
10,11,15,14,20,18
10,11,12,15,14,18
10,11,15,20,14,18
10,5,8,11,15,14,18
10,11,12,15,14,20,18
10,5,8,11,15,20,18
10,11,12,22,15,20,18
10,11,12,21,15,20,18
10,11,12,17,15,20,18
10,8,11,12,15,20,18
10,8,9,12,15,20,18
10,8,9,12,21,20,18
10,11,15,22,21,20,18
10,14,15,22,21,20,18
10,11,12,22,21,20,18
10,11,15,17,21,20,18
10,14,15,17,21,20,18
10,11,12,17,21,20,18
10,11,12,15,21,20,18
10,8,11,15,21,20,18
10,8,11,12,21,20,18
10,11,15,12,21,20,18
10,14,15,12,21,20,18
10,8,11,15,14,20,18
10,11,12,22,15,14,18
10,11,12,21,15,14,18
10,11,12,17,15,14,18
10,8,11,12,15,14,18
10,8,9,12,15,14,18
10,11,15,21,20,14,18
10,11,12,21,20,14,18
10,11,12,15,20,14,18
10,8,11,15,20,14,18
10,5,2,8,11,15,14,18
10,8,9,12,15,14,20,18
10,8,11,12,15,14,20,18
10,11,12,17,15,14,20,18
10,11,12,21,15,14,20,18
10,11,12,22,15,14,20,18
10,5,2,8,11,15,20,18
10,8,11,12,22,15,20,18
10,11,12,17,22,15,20,18
10,11,12,21,22,15,20,18
10,8,9,12,22,15,20,18
10,8,11,12,21,15,20,18
10,11,12,17,21,15,20,18
10,11,12,22,21,15,20,18
10,8,9,12,21,15,20,18
10,8,11,12,17,15,20,18
10,8,9,13,17,15,20,18
10,11,12,13,17,15,20,18
10,11,12,21,17,15,20,18
10,11,12,22,17,15,20,18
10,8,9,12,17,15,20,18
10,11,8,9,12,15,20,18
10,5,8,9,12,15,20,18
10,8,7,9,12,15,20,18
10,5,8,11,12,15,20,18
10,8,9,13,12,15,20,18
10,5,7,9,12,15,20,18
10,5,7,8,11,15,20,18
10,5,3,8,11,15,20,18
10,8,9,12,11,15,20,18
10,5,7,9,12,21,20,18
10,14,15,12,22,21,20,18
10,11,15,12,22,21,20,18
10,8,11,12,22,21,20,18
10,8,11,15,22,21,20,18
10,11,12,15,22,21,20,18
10,11,12,17,22,21,20,18
10,14,15,17,22,21,20,18
10,11,15,17,22,21,20,18
10,8,9,12,22,21,20,18
10,14,15,12,17,21,20,18
10,11,15,12,17,21,20,18
10,8,11,12,17,21,20,18
10,8,9,13,17,21,20,18
10,11,12,13,17,21,20,18
10,8,11,15,17,21,20,18
10,11,12,15,17,21,20,18
10,11,12,22,17,21,20,18
10,14,15,22,17,21,20,18
10,11,15,22,17,21,20,18
10,8,9,12,17,21,20,18
10,8,9,12,15,21,20,18
10,8,11,12,15,21,20,18
10,11,12,17,15,21,20,18
10,11,12,22,15,21,20,18
10,5,8,11,15,21,20,18
10,11,8,9,12,21,20,18
10,5,8,9,12,21,20,18
10,8,7,9,12,21,20,18
10,5,8,11,12,21,20,18
10,14,15,11,12,21,20,18
10,8,9,13,12,21,20,18
10,8,11,15,12,21,20,18
10,14,15,17,12,21,20,18
10,11,15,17,12,21,20,18
10,14,15,22,12,21,20,18
10,11,15,22,12,21,20,18
10,5,8,11,15,14,20,18
10,8,11,12,22,15,14,18
10,11,12,17,22,15,14,18
10,11,12,21,22,15,14,18
10,8,9,12,22,15,14,18
10,8,11,12,21,15,14,18
10,11,12,17,21,15,14,18
10,11,12,22,21,15,14,18
10,8,9,12,21,15,14,18
10,11,12,21,20,15,14,18
10,8,11,12,17,15,14,18
10,8,9,13,17,15,14,18
10,11,12,13,17,15,14,18
10,11,12,21,17,15,14,18
10,11,12,22,17,15,14,18
10,8,9,12,17,15,14,18
10,11,8,9,12,15,14,18
10,5,8,9,12,15,14,18
10,8,7,9,12,15,14,18
10,5,8,11,12,15,14,18
10,8,9,13,12,15,14,18
10,5,7,9,12,15,14,18
10,5,7,8,11,15,14,18
10,5,3,8,11,15,14,18
10,8,9,12,11,15,14,18
10,11,15,12,21,20,14,18
10,8,11,12,21,20,14,18
10,8,11,15,21,20,14,18
10,11,12,15,21,20,14,18
10,11,12,17,21,20,14,18
10,11,15,17,21,20,14,18
10,11,12,22,21,20,14,18
10,11,15,22,21,20,14,18
10,8,9,12,21,20,14,18
10,8,9,12,15,20,14,18
10,8,11,12,15,20,14,18
10,11,12,17,15,20,14,18
10,11,12,21,15,20,14,18
10,11,12,22,15,20,14,18
10,5,8,11,15,20,14,18
