10,5
10,8,5
10,8,2,5
10,11,8,5
10,8,7,5
10,8,3,5
10,8,2,1,5
10,8,3,7,5
10,11,8,7,5
10,8,9,7,5
10,8,2,7,5
10,8,7,3,5
10,11,8,3,5
10,8,2,3,5
10,8,7,2,5
10,11,8,2,5
10,8,3,2,5
10,8,2,1,0,5
10,14,15,11,8,5
10,11,12,9,8,5
10,11,8,2,7,5
10,8,2,3,7,5
10,11,8,3,7,5
10,8,2,4,7,5
10,8,3,4,7,5
10,11,8,9,7,5
10,11,12,9,7,5
10,8,3,2,7,5
10,8,7,2,3,5
10,8,2,4,3,5
10,8,7,4,3,5
10,8,2,7,3,5
10,8,9,7,3,5
10,11,8,7,3,5
10,11,8,2,3,5
10,8,7,3,2,5
10,8,7,4,2,5
10,8,3,4,2,5
10,8,9,7,2,5
10,11,8,7,2,5
10,8,3,7,2,5
10,11,8,3,2,5
10,11,8,2,1,5
10,8,7,2,1,5
10,8,3,2,1,5
10,8,3,2,1,0,5
10,11,15,12,9,8,5
10,11,12,13,9,8,5
10,14,15,12,9,8,5
10,14,15,12,11,8,5
10,14,20,15,11,8,5
10,18,14,15,11,8,5
10,18,20,15,11,8,5
10,11,12,9,7,8,5
10,8,3,4,2,7,5
10,11,8,2,3,7,5
10,8,2,4,3,7,5
10,8,3,2,4,7,5
10,11,8,3,4,7,5
10,8,2,3,4,7,5
10,11,8,2,4,7,5
10,11,12,9,8,7,5
10,14,15,11,8,7,5
10,11,15,12,9,7,5
10,11,12,13,9,7,5
10,14,15,12,9,7,5
10,8,11,12,9,7,5
10,11,8,3,2,7,5
10,8,9,7,2,3,5
10,8,7,4,2,3,5
10,11,8,7,4,3,5
10,8,9,7,4,3,5
10,8,2,7,4,3,5
10,8,7,2,4,3,5
10,11,8,2,4,3,5
10,11,12,9,7,3,5
10,11,8,9,7,3,5
10,8,2,4,7,3,5
10,11,8,2,7,3,5
10,11,12,9,8,3,5
10,14,15,11,8,3,5
10,11,8,7,2,3,5
10,8,9,7,3,2,5
10,8,7,4,3,2,5
10,8,3,7,4,2,5
10,11,8,7,4,2,5
10,8,9,7,4,2,5
10,8,7,3,4,2,5
10,11,8,3,4,2,5
10,11,12,9,7,2,5
10,11,8,9,7,2,5
10,8,3,4,7,2,5
10,11,8,3,7,2,5
10,11,12,9,8,2,5
10,14,15,11,8,2,5
10,11,8,7,3,2,5
10,8,3,7,2,1,5
10,11,8,7,2,1,5
10,8,9,7,2,1,5
10,8,3,4,2,1,5
10,8,7,4,2,1,5
10,8,7,3,2,1,5
10,11,8,3,2,1,5
10,8,7,2,1,0,5
10,11,8,2,1,0,5
10,11,8,3,2,1,0,5
10,11,12,9,7,3,8,5
10,14,15,12,9,7,8,5
10,11,12,13,9,7,8,5
10,11,15,12,9,7,8,5
10,14,15,12,13,9,8,5
10,11,15,17,13,9,8,5
10,11,12,17,13,9,8,5
10,14,15,17,13,9,8,5
10,11,15,12,13,9,8,5
10,18,20,15,12,9,8,5
10,18,14,15,12,9,8,5
10,14,20,15,12,9,8,5
10,11,15,17,12,9,8,5
10,14,15,17,12,9,8,5
10,11,15,21,12,9,8,5
10,14,20,21,12,9,8,5
10,18,20,21,12,9,8,5
10,14,15,21,12,9,8,5
10,11,15,22,12,9,8,5
10,14,15,22,12,9,8,5
10,14,15,11,12,9,8,5
10,14,15,22,12,11,8,5
10,18,20,14,15,11,8,5
10,18,14,20,15,11,8,5
10,14,18,20,15,11,8,5
10,14,20,21,15,11,8,5
10,18,20,21,15,11,8,5
10,18,20,15,12,11,8,5
10,18,14,15,12,11,8,5
10,14,20,15,12,11,8,5
10,14,15,17,12,11,8,5
10,14,20,21,12,11,8,5
10,18,20,21,12,11,8,5
10,14,15,21,12,11,8,5
10,11,12,9,7,2,8,5
10,11,12,9,8,2,7,5
10,11,8,3,4,2,7,5
10,14,15,11,8,3,7,5
10,11,12,9,8,3,7,5
10,11,8,2,4,3,7,5
10,11,8,3,2,4,7,5
10,11,8,2,3,4,7,5
10,18,20,15,11,8,7,5
10,18,14,15,11,8,7,5
10,14,20,15,11,8,7,5
10,14,15,12,11,8,7,5
10,14,15,12,9,8,7,5
10,11,12,13,9,8,7,5
10,11,15,12,9,8,7,5
10,14,15,11,8,9,7,5
10,8,11,12,13,9,7,5
10,14,15,12,13,9,7,5
10,11,15,17,13,9,7,5
10,11,12,17,13,9,7,5
10,14,15,17,13,9,7,5
10,11,15,12,13,9,7,5
10,18,20,15,12,9,7,5
10,18,14,15,12,9,7,5
10,8,11,15,12,9,7,5
10,14,20,15,12,9,7,5
10,11,15,17,12,9,7,5
10,14,15,17,12,9,7,5
10,11,15,21,12,9,7,5
10,14,20,21,12,9,7,5
10,18,20,21,12,9,7,5
10,14,15,21,12,9,7,5
10,11,15,22,12,9,7,5
10,14,15,22,12,9,7,5
10,14,15,11,12,9,7,5
10,14,15,11,8,2,7,5
10,11,12,9,8,2,3,5
10,11,8,9,7,2,3,5
10,11,12,9,7,2,3,5
10,8,9,7,4,2,3,5
10,11,8,7,4,2,3,5
10,11,8,2,7,4,3,5
10,11,8,9,7,4,3,5
10,11,12,9,7,4,3,5
10,8,9,7,2,4,3,5
10,11,8,7,2,4,3,5
10,8,11,12,9,7,3,5
10,14,15,12,9,7,3,5
10,11,12,13,9,7,3,5
10,11,15,12,9,7,3,5
10,14,15,11,8,7,3,5
10,11,12,9,8,7,3,5
10,11,8,2,4,7,3,5
10,11,12,9,7,8,3,5
10,18,20,15,11,8,3,5
10,18,14,15,11,8,3,5
10,14,20,15,11,8,3,5
10,14,15,12,11,8,3,5
10,14,15,12,9,8,3,5
10,11,12,13,9,8,3,5
10,11,15,12,9,8,3,5
10,14,15,11,8,2,3,5
10,11,12,9,8,3,2,5
10,11,8,9,7,3,2,5
10,11,12,9,7,3,2,5
10,8,9,7,4,3,2,5
10,11,8,7,4,3,2,5
10,11,8,3,7,4,2,5
10,11,8,9,7,4,2,5
10,11,12,9,7,4,2,5
10,8,9,7,3,4,2,5
10,11,8,7,3,4,2,5
10,8,11,12,9,7,2,5
10,14,15,12,9,7,2,5
10,11,12,13,9,7,2,5
10,11,15,12,9,7,2,5
10,14,15,11,8,7,2,5
10,11,12,9,8,7,2,5
10,11,8,3,4,7,2,5
10,11,12,9,7,8,2,5
10,18,20,15,11,8,2,5
10,18,14,15,11,8,2,5
10,14,20,15,11,8,2,5
10,14,15,12,11,8,2,5
10,14,15,12,9,8,2,5
10,11,12,13,9,8,2,5
10,11,15,12,9,8,2,5
10,14,15,11,8,3,2,5
10,14,15,11,8,2,1,5
10,11,12,9,8,2,1,5
10,11,8,3,7,2,1,5
10,8,3,4,7,2,1,5
10,11,8,9,7,2,1,5
10,11,12,9,7,2,1,5
10,11,8,3,4,2,1,5
10,8,7,3,4,2,1,5
10,8,9,7,4,2,1,5
10,11,8,7,4,2,1,5
10,8,3,7,4,2,1,5
10,8,7,4,3,2,1,5
10,8,9,7,3,2,1,5
10,11,8,7,3,2,1,5
10,8,7,3,2,1,0,5
10,8,7,4,2,1,0,5
10,8,3,4,2,1,0,5
10,8,9,7,2,1,0,5
10,11,8,7,2,1,0,5
10,8,3,7,2,1,0,5
