15,14
15,20,14
15,11,10,14
15,21,20,14
15,20,18,14
15,11,8,10,14
15,12,21,20,14
15,22,21,20,14
15,17,21,20,14
15,21,20,18,14
15,11,10,18,14
15,12,11,10,14
15,20,18,10,14
15,11,8,5,10,14
15,17,12,21,20,14
15,12,22,21,20,14
15,17,22,21,20,14
15,22,17,21,20,14
15,12,17,21,20,14
15,22,12,21,20,14
15,11,12,21,20,14
15,11,10,18,20,14
15,12,11,10,18,14
15,17,21,20,18,14
15,22,21,20,18,14
15,12,21,20,18,14
15,11,8,10,18,14
15,12,9,8,10,14
15,12,11,8,10,14
15,17,12,11,10,14
15,21,12,11,10,14
15,22,12,11,10,14
15,21,20,18,10,14
15,11,8,2,5,10,14
15,12,11,10,18,20,14
15,17,13,12,21,20,14
15,11,12,22,21,20,14
15,12,17,22,21,20,14
15,17,23,22,21,20,14
15,17,12,22,21,20,14
15,22,12,17,21,20,14
15,12,13,17,21,20,14
15,12,22,17,21,20,14
15,22,23,17,21,20,14
15,11,12,17,21,20,14
15,22,17,12,21,20,14
15,17,22,12,21,20,14
15,11,8,10,18,20,14
15,22,12,11,10,18,14
15,21,12,11,10,18,14
15,17,12,11,10,18,14
15,12,11,8,10,18,14
15,12,9,8,10,18,14
15,11,12,21,20,18,14
15,22,12,21,20,18,14
15,12,17,21,20,18,14
15,22,17,21,20,18,14
15,17,22,21,20,18,14
15,12,22,21,20,18,14
15,17,12,21,20,18,14
15,11,8,5,10,18,14
15,12,11,8,5,10,14
15,12,9,8,5,10,14
15,12,9,7,5,10,14
15,11,8,7,5,10,14
15,11,8,3,5,10,14
15,22,12,11,8,10,14
15,21,12,11,8,10,14
15,17,12,11,8,10,14
15,17,12,9,8,10,14
15,11,12,9,8,10,14
15,22,12,9,8,10,14
15,21,12,9,8,10,14
15,17,13,9,8,10,14
15,12,13,9,8,10,14
15,12,9,7,8,10,14
15,12,9,8,11,10,14
15,21,17,12,11,10,14
15,22,17,12,11,10,14
15,17,21,12,11,10,14
15,22,21,12,11,10,14
15,20,21,12,11,10,14
15,17,22,12,11,10,14
15,21,22,12,11,10,14
15,17,13,12,11,10,14
15,12,21,20,18,10,14
15,22,21,20,18,10,14
15,17,21,20,18,10,14
15,11,8,2,1,5,10,14
15,12,9,8,10,18,20,14
15,12,11,8,10,18,20,14
15,17,12,11,10,18,20,14
15,21,12,11,10,18,20,14
15,22,12,11,10,18,20,14
15,11,8,9,12,21,20,14
15,11,12,17,22,21,20,14
15,12,13,17,22,21,20,14
15,12,17,23,22,21,20,14
15,17,13,12,22,21,20,14
15,12,9,13,17,21,20,14
15,22,12,13,17,21,20,14
15,11,12,13,17,21,20,14
15,11,12,22,17,21,20,14
15,12,22,23,17,21,20,14
15,17,13,9,12,21,20,14
15,22,17,13,12,21,20,14
15,22,23,17,12,21,20,14
15,17,23,22,12,21,20,14
15,11,8,5,10,18,20,14
15,17,13,12,11,10,18,14
15,21,22,12,11,10,18,14
15,17,22,12,11,10,18,14
15,20,21,12,11,10,18,14
15,22,21,12,11,10,18,14
15,17,21,12,11,10,18,14
15,22,17,12,11,10,18,14
15,21,17,12,11,10,18,14
15,12,9,8,11,10,18,14
15,12,9,7,8,10,18,14
15,12,13,9,8,10,18,14
15,17,13,9,8,10,18,14
15,21,12,9,8,10,18,14
15,22,12,9,8,10,18,14
15,11,12,9,8,10,18,14
15,17,12,9,8,10,18,14
15,17,12,11,8,10,18,14
15,21,12,11,8,10,18,14
15,22,12,11,8,10,18,14
15,11,8,3,5,10,18,14
15,11,8,7,5,10,18,14
15,12,9,7,5,10,18,14
15,12,9,8,5,10,18,14
15,12,11,8,5,10,18,14
15,17,22,12,21,20,18,14
15,22,17,12,21,20,18,14
15,11,12,17,21,20,18,14
15,22,23,17,21,20,18,14
15,12,22,17,21,20,18,14
15,12,13,17,21,20,18,14
15,22,12,17,21,20,18,14
15,17,12,22,21,20,18,14
15,17,23,22,21,20,18,14
15,12,17,22,21,20,18,14
15,11,12,22,21,20,18,14
15,17,13,12,21,20,18,14
15,11,8,2,5,10,18,14
15,12,9,7,8,5,10,14
15,12,13,9,8,5,10,14
15,17,13,9,8,5,10,14
15,21,12,9,8,5,10,14
15,22,12,9,8,5,10,14
15,11,12,9,8,5,10,14
15,17,12,9,8,5,10,14
15,17,12,11,8,5,10,14
15,21,12,11,8,5,10,14
15,22,12,11,8,5,10,14
15,11,8,3,7,5,10,14
15,12,9,8,7,5,10,14
15,12,11,8,7,5,10,14
15,11,8,9,7,5,10,14
15,12,13,9,7,5,10,14
15,17,13,9,7,5,10,14
15,21,12,9,7,5,10,14
15,22,12,9,7,5,10,14
15,11,12,9,7,5,10,14
15,17,12,9,7,5,10,14
15,11,8,2,7,5,10,14
15,11,8,7,3,5,10,14
15,12,9,7,3,5,10,14
15,12,9,8,3,5,10,14
15,12,11,8,3,5,10,14
15,11,8,2,3,5,10,14
15,11,8,7,2,5,10,14
15,12,9,7,2,5,10,14
15,12,9,8,2,5,10,14
15,12,11,8,2,5,10,14
15,11,8,3,2,5,10,14
15,12,9,7,2,8,10,14
15,17,13,12,11,8,10,14
15,21,22,12,11,8,10,14
15,17,22,12,11,8,10,14
15,20,21,12,11,8,10,14
15,22,21,12,11,8,10,14
15,17,21,12,11,8,10,14
15,22,17,12,11,8,10,14
15,21,17,12,11,8,10,14
15,17,13,12,9,8,10,14
15,21,22,12,9,8,10,14
15,17,22,12,9,8,10,14
15,20,21,12,9,8,10,14
15,22,21,12,9,8,10,14
15,17,21,12,9,8,10,14
15,22,17,12,9,8,10,14
15,21,17,12,9,8,10,14
15,22,17,13,9,8,10,14
15,12,17,13,9,8,10,14
15,21,17,13,9,8,10,14
15,21,12,13,9,8,10,14
15,22,12,13,9,8,10,14
15,11,12,13,9,8,10,14
15,17,12,13,9,8,10,14
15,12,13,9,7,8,10,14
15,17,13,9,7,8,10,14
15,21,12,9,7,8,10,14
15,22,12,9,7,8,10,14
15,11,12,9,7,8,10,14
15,17,12,9,7,8,10,14
15,12,9,7,5,8,10,14
15,12,9,7,3,8,10,14
15,17,12,9,8,11,10,14
15,17,13,9,12,11,10,14
15,22,17,13,12,11,10,14
15,21,17,13,12,11,10,14
15,22,23,17,12,11,10,14
15,21,22,17,12,11,10,14
15,20,21,17,12,11,10,14
15,22,21,17,12,11,10,14
15,17,22,21,12,11,10,14
15,22,17,21,12,11,10,14
15,17,23,22,12,11,10,14
15,20,21,22,12,11,10,14
15,17,21,22,12,11,10,14
15,21,17,22,12,11,10,14
15,12,9,7,8,11,10,14
15,12,13,9,8,11,10,14
15,17,13,9,8,11,10,14
15,21,12,9,8,11,10,14
15,22,12,9,8,11,10,14
15,17,12,21,20,18,10,14
15,12,22,21,20,18,10,14
15,17,22,21,20,18,10,14
15,22,17,21,20,18,10,14
15,12,17,21,20,18,10,14
15,22,12,21,20,18,10,14
15,11,12,21,20,18,10,14
