15,12
15,17,12
15,11,12
15,22,12
15,21,12
15,21,17,12
15,17,13,12
15,21,22,12
15,17,22,12
15,20,21,12
15,22,21,12
15,17,21,12
15,22,17,12
15,11,8,9,12
15,17,21,22,12
15,20,21,22,12
15,17,23,22,12
15,21,17,22,12
15,14,20,21,12
15,17,22,21,12
15,22,17,21,12
15,20,21,17,12
15,21,22,17,12
15,22,23,17,12
15,22,21,17,12
15,22,17,13,12
15,21,17,13,12
15,14,10,11,12
15,17,13,9,12
15,11,8,7,9,12
15,14,20,21,22,12
15,21,17,23,22,12
15,20,21,17,22,12
15,14,18,20,21,12
15,17,23,22,21,12
15,22,23,17,21,12
15,20,21,22,17,12
15,21,22,23,17,12
15,14,20,21,17,12
15,22,21,17,13,12
15,22,23,17,13,12
15,21,22,17,13,12
15,20,21,17,13,12
15,11,8,9,13,12
15,20,18,10,11,12
15,20,14,10,11,12
15,14,18,10,11,12
15,14,10,8,11,12
15,11,10,8,9,12
15,14,10,8,9,12
15,21,17,13,9,12
15,22,17,13,9,12
15,11,8,2,7,9,12
15,14,18,20,21,22,12
15,20,21,17,23,22,12
15,14,20,21,17,22,12
15,11,10,18,20,21,12
15,14,10,18,20,21,12
15,11,10,14,20,21,12
15,14,18,20,21,17,12
15,14,20,21,22,17,12
15,20,21,22,23,17,12
15,11,8,9,13,17,12
15,14,10,8,9,13,12
15,11,10,8,9,13,12
15,14,20,21,17,13,12
15,21,22,23,17,13,12
15,20,21,22,17,13,12
15,11,8,7,9,13,12
15,14,18,10,8,11,12
15,20,14,10,8,11,12
15,20,18,10,8,11,12
15,17,13,9,8,11,12
15,14,20,18,10,11,12
15,20,14,18,10,11,12
15,21,20,18,10,11,12
15,21,20,14,10,11,12
15,20,18,14,10,11,12
15,14,10,5,8,11,12
15,14,10,8,7,9,12
15,11,10,8,7,9,12
15,11,10,5,7,9,12
15,14,10,5,7,9,12
15,11,8,5,7,9,12
15,11,8,3,7,9,12
15,14,10,5,8,9,12
15,14,10,11,8,9,12
15,14,18,10,8,9,12
15,20,14,10,8,9,12
15,20,18,10,8,9,12
15,11,10,5,8,9,12
15,20,21,17,13,9,12
15,21,22,17,13,9,12
15,22,23,17,13,9,12
15,22,21,17,13,9,12
15,11,8,3,2,7,9,12
15,14,18,20,21,17,22,12
15,11,10,14,20,21,22,12
15,14,10,18,20,21,22,12
15,11,10,18,20,21,22,12
15,14,20,21,17,23,22,12
15,11,8,9,13,17,22,12
15,11,8,10,14,20,21,12
15,11,10,14,18,20,21,12
15,11,8,10,18,20,21,12
15,11,10,18,14,20,21,12
15,11,8,9,13,17,21,12
15,11,10,8,9,13,17,12
15,14,10,8,9,13,17,12
15,11,10,14,20,21,17,12
15,14,10,18,20,21,17,12
15,11,10,18,20,21,17,12
15,14,18,20,21,22,17,12
15,14,20,21,22,23,17,12
15,11,8,7,9,13,17,12
15,11,10,5,8,9,13,12
15,20,18,10,8,9,13,12
15,20,14,10,8,9,13,12
15,14,18,10,8,9,13,12
15,14,10,11,8,9,13,12
15,14,10,5,8,9,13,12
15,11,8,3,7,9,13,12
15,11,8,5,7,9,13,12
15,14,10,5,7,9,13,12
15,11,10,5,7,9,13,12
15,11,10,8,7,9,13,12
15,14,10,8,7,9,13,12
15,20,21,22,23,17,13,12
15,14,20,21,22,17,13,12
15,14,18,20,21,17,13,12
15,11,8,2,7,9,13,12
15,21,20,14,10,8,11,12
15,21,20,18,10,8,11,12
15,20,14,18,10,8,11,12
15,14,20,18,10,8,11,12
15,21,17,13,9,8,11,12
15,22,17,13,9,8,11,12
15,14,10,5,7,8,11,12
15,17,13,9,7,8,11,12
15,20,18,10,5,8,11,12
15,20,14,10,5,8,11,12
15,14,18,10,5,8,11,12
15,14,10,5,3,8,11,12
15,14,10,5,2,8,11,12
15,21,20,14,18,10,11,12
15,22,21,20,18,10,11,12
15,17,21,20,18,10,11,12
15,21,20,18,14,10,11,12
15,22,21,20,14,10,11,12
15,17,21,20,14,10,11,12
15,17,13,9,8,10,11,12
15,20,18,14,10,8,11,12
15,11,10,5,8,7,9,12
15,20,18,10,8,7,9,12
15,20,14,10,8,7,9,12
15,14,18,10,8,7,9,12
15,14,10,11,8,7,9,12
15,14,10,5,8,7,9,12
15,11,8,3,5,7,9,12
15,11,10,8,5,7,9,12
15,14,10,8,5,7,9,12
15,20,18,10,5,7,9,12
15,20,14,10,5,7,9,12
15,11,8,10,5,7,9,12
15,14,18,10,5,7,9,12
15,11,8,2,5,7,9,12
15,11,8,3,4,7,9,12
15,11,8,2,4,7,9,12
15,11,8,5,3,7,9,12
15,14,10,5,3,7,9,12
15,11,10,5,3,7,9,12
15,11,10,8,3,7,9,12
15,14,10,8,3,7,9,12
15,11,8,2,3,7,9,12
15,11,8,5,2,7,9,12
15,14,10,5,2,7,9,12
15,11,10,5,2,7,9,12
15,11,10,8,2,7,9,12
15,14,10,8,2,7,9,12
15,11,10,5,2,8,9,12
15,20,18,10,11,8,9,12
15,20,14,10,11,8,9,12
15,14,18,10,11,8,9,12
15,20,18,14,10,8,9,12
15,21,20,14,10,8,9,12
15,21,20,18,10,8,9,12
15,20,14,18,10,8,9,12
15,14,20,18,10,8,9,12
15,14,10,5,7,8,9,12
15,11,10,5,7,8,9,12
15,20,18,10,5,8,9,12
15,20,14,10,5,8,9,12
15,14,18,10,5,8,9,12
15,14,10,5,3,8,9,12
15,11,10,5,3,8,9,12
15,14,10,5,2,8,9,12
15,20,21,22,17,13,9,12
15,21,22,23,17,13,9,12
15,14,20,21,17,13,9,12
