15,22
15,17,22
15,12,22
15,21,22
15,17,12,22
15,17,23,22
15,20,21,22
15,12,21,22
15,17,21,22
15,12,17,22
15,21,17,22
15,21,12,22
15,11,12,22
15,17,13,12,22
15,12,17,23,22
15,21,17,23,22
15,11,12,21,22
15,12,17,21,22
15,14,20,21,22
15,17,12,21,22
15,21,12,17,22
15,12,13,17,22
15,12,21,17,22
15,20,21,17,22
15,11,12,17,22
15,21,17,12,22
15,17,21,12,22
15,20,21,12,22
15,11,8,9,12,22
15,20,21,17,23,22
15,12,21,17,23,22
15,12,13,17,23,22
15,21,12,17,23,22
15,11,12,17,23,22
15,11,12,17,21,22
15,12,13,17,21,22
15,14,18,20,21,22
15,17,13,12,21,22
15,12,9,13,17,22
15,21,12,13,17,22
15,11,12,13,17,22
15,14,20,21,17,22
15,11,12,21,17,22
15,20,21,12,17,22
15,17,13,9,12,22
15,14,10,11,12,22
15,21,17,13,12,22
15,20,21,17,12,22
15,14,20,21,12,22
15,11,8,7,9,12,22
15,11,12,21,17,23,22
15,14,20,21,17,23,22
15,11,12,13,17,23,22
15,21,12,13,17,23,22
15,12,9,13,17,23,22
15,20,21,12,17,23,22
15,14,10,11,12,21,22
15,17,13,9,12,21,22
15,11,12,13,17,21,22
15,12,9,13,17,21,22
15,11,10,14,20,21,22
15,14,10,18,20,21,22
15,11,10,18,20,21,22
15,11,8,9,12,21,22
15,14,20,21,12,17,22
15,14,10,11,12,17,22
15,11,8,9,13,17,22
15,20,21,12,13,17,22
15,11,12,9,13,17,22
15,21,12,9,13,17,22
15,14,18,20,21,17,22
15,11,8,9,12,17,22
15,21,17,13,9,12,22
15,11,10,8,9,12,22
15,14,10,8,9,12,22
15,20,14,10,11,12,22
15,20,18,10,11,12,22
15,14,18,10,11,12,22
15,14,10,8,11,12,22
15,11,8,9,13,12,22
15,20,21,17,13,12,22
15,14,20,21,17,12,22
15,14,18,20,21,12,22
15,11,8,2,7,9,12,22
15,14,18,20,21,17,23,22
15,21,12,9,13,17,23,22
15,11,12,9,13,17,23,22
15,20,21,12,13,17,23,22
15,11,8,9,13,17,23,22
15,14,10,11,12,17,23,22
15,14,20,21,12,17,23,22
15,11,8,9,12,17,23,22
15,11,8,9,13,12,21,22
15,14,10,8,11,12,21,22
15,14,18,10,11,12,21,22
15,20,18,10,11,12,21,22
15,20,14,10,11,12,21,22
15,14,10,8,9,12,21,22
15,11,10,8,9,12,21,22
15,11,8,9,12,17,21,22
15,11,12,9,13,17,21,22
15,11,8,9,13,17,21,22
15,14,10,11,12,17,21,22
15,11,8,10,14,20,21,22
15,12,11,10,18,20,21,22
15,11,10,14,18,20,21,22
15,11,8,10,18,20,21,22
15,12,11,10,14,20,21,22
15,11,10,18,14,20,21,22
15,11,8,7,9,12,21,22
15,14,18,20,21,12,17,22
15,11,8,9,13,12,17,22
15,14,10,8,11,12,17,22
15,14,18,10,11,12,17,22
15,20,18,10,11,12,17,22
15,20,14,10,11,12,17,22
15,14,10,8,9,12,17,22
15,11,10,8,9,12,17,22
15,11,8,7,9,13,17,22
15,14,10,11,12,13,17,22
15,14,20,21,12,13,17,22
15,11,8,9,12,13,17,22
15,12,11,8,9,13,17,22
15,14,10,8,9,13,17,22
15,11,10,8,9,13,17,22
15,20,21,12,9,13,17,22
15,11,8,9,12,21,17,22
15,11,10,18,20,21,17,22
15,14,10,18,20,21,17,22
15,11,10,14,20,21,17,22
15,14,10,11,12,21,17,22
15,11,8,7,9,12,17,22
15,20,21,17,13,9,12,22
15,11,10,5,8,9,12,22
15,14,18,10,8,9,12,22
15,20,18,10,8,9,12,22
15,20,14,10,8,9,12,22
15,14,10,11,8,9,12,22
15,14,10,5,8,9,12,22
15,11,8,3,7,9,12,22
15,11,8,5,7,9,12,22
15,14,10,5,7,9,12,22
15,11,10,5,7,9,12,22
15,14,10,8,7,9,12,22
15,11,10,8,7,9,12,22
15,14,10,5,8,11,12,22
15,21,20,14,10,11,12,22
15,20,18,14,10,11,12,22
15,14,20,18,10,11,12,22
15,21,20,18,10,11,12,22
15,20,14,18,10,11,12,22
15,17,13,9,8,11,12,22
15,14,18,10,8,11,12,22
15,20,18,10,8,11,12,22
15,20,14,10,8,11,12,22
15,11,8,7,9,13,12,22
15,14,20,21,17,13,12,22
15,14,10,8,9,13,12,22
15,11,10,8,9,13,12,22
15,14,18,20,21,17,12,22
15,11,8,9,13,17,12,22
15,11,10,18,20,21,12,22
15,14,10,18,20,21,12,22
15,11,10,14,20,21,12,22
