2,1,0
2,5,0
2,5,1,0
2,3,5,0
2,7,5,0
2,8,5,0
2,1,5,0
2,8,5,1,0
2,8,3,5,0
2,7,3,5,0
2,3,7,5,0
2,8,7,5,0
2,4,7,5,0
2,3,8,5,0
2,7,8,5,0
2,8,10,5,0
2,4,3,5,0
2,7,5,1,0
2,3,5,1,0
2,4,3,5,1,0
2,7,8,3,5,0
2,4,7,3,5,0
2,8,7,3,5,0
2,4,3,7,5,0
2,8,9,7,5,0
2,3,8,7,5,0
2,3,4,7,5,0
2,8,3,7,5,0
2,4,3,8,5,0
2,7,9,8,5,0
2,4,7,8,5,0
2,3,7,8,5,0
2,7,3,8,5,0
2,3,8,10,5,0
2,8,11,10,5,0
2,7,8,10,5,0
2,7,4,3,5,0
2,8,10,5,1,0
2,7,8,5,1,0
2,3,8,5,1,0
2,4,7,5,1,0
2,8,7,5,1,0
2,3,7,5,1,0
2,7,3,5,1,0
2,8,3,5,1,0
2,7,4,3,5,1,0
2,4,7,8,3,5,0
2,7,9,8,3,5,0
2,8,9,7,3,5,0
2,8,3,4,7,5,0
2,3,8,9,7,5,0
2,4,3,8,7,5,0
2,7,4,3,8,5,0
2,4,7,9,8,5,0
2,3,7,9,8,5,0
2,3,4,7,8,5,0
2,4,3,7,8,5,0
2,4,7,3,8,5,0
2,4,3,8,10,5,0
2,7,8,11,10,5,0
2,3,8,11,10,5,0
2,7,3,8,10,5,0
2,3,7,8,10,5,0
2,4,7,8,10,5,0
2,7,9,8,10,5,0
2,8,7,4,3,5,0
2,7,8,10,5,1,0
2,8,11,10,5,1,0
2,3,8,10,5,1,0
2,7,3,8,5,1,0
2,3,7,8,5,1,0
2,4,7,8,5,1,0
2,7,9,8,5,1,0
2,4,3,8,5,1,0
2,8,3,7,5,1,0
2,3,4,7,5,1,0
2,3,8,7,5,1,0
2,8,9,7,5,1,0
2,4,3,7,5,1,0
2,8,7,3,5,1,0
2,4,7,3,5,1,0
2,7,8,3,5,1,0
2,8,7,4,3,5,1,0
2,4,7,9,8,3,5,0
2,8,11,12,9,7,5,0
2,4,3,8,9,7,5,0
2,4,3,7,9,8,5,0
2,7,9,12,11,8,5,0
2,3,4,7,9,8,5,0
2,7,4,3,8,10,5,0
2,8,11,15,14,10,5,0
2,7,9,8,11,10,5,0
2,4,7,8,11,10,5,0
2,3,7,8,11,10,5,0
2,7,3,8,11,10,5,0
2,7,9,12,11,10,5,0
2,8,9,12,11,10,5,0
2,4,3,8,11,10,5,0
2,4,7,3,8,10,5,0
2,4,3,7,8,10,5,0
2,3,4,7,8,10,5,0
2,3,7,9,8,10,5,0
2,4,7,9,8,10,5,0
2,8,9,7,4,3,5,0
2,7,9,8,10,5,1,0
2,4,7,8,10,5,1,0
2,3,7,8,10,5,1,0
2,7,3,8,10,5,1,0
2,3,8,11,10,5,1,0
2,7,8,11,10,5,1,0
2,4,3,8,10,5,1,0
2,4,7,3,8,5,1,0
2,4,3,7,8,5,1,0
2,3,4,7,8,5,1,0
2,3,7,9,8,5,1,0
2,4,7,9,8,5,1,0
2,7,4,3,8,5,1,0
2,4,3,8,7,5,1,0
2,3,8,9,7,5,1,0
2,8,3,4,7,5,1,0
2,8,9,7,3,5,1,0
2,7,9,8,3,5,1,0
2,4,7,8,3,5,1,0
2,8,9,7,4,3,5,1,0
2,7,9,12,11,8,3,5,0
2,8,11,12,13,9,7,5,0
2,8,11,15,12,9,7,5,0
2,8,10,11,12,9,7,5,0
2,3,8,11,12,9,7,5,0
2,7,9,12,11,10,8,5,0
2,3,7,9,12,11,8,5,0
2,7,9,13,12,11,8,5,0
2,4,7,9,12,11,8,5,0
2,7,9,12,15,11,8,5,0
2,4,3,7,9,8,10,5,0
2,8,11,15,14,18,10,5,0
2,8,11,15,20,18,10,5,0
2,3,8,11,15,14,10,5,0
2,8,9,12,15,14,10,5,0
2,8,11,12,15,14,10,5,0
2,7,9,12,15,14,10,5,0
2,7,8,11,15,14,10,5,0
2,8,11,15,20,14,10,5,0
2,4,7,9,8,11,10,5,0
2,3,7,9,8,11,10,5,0
2,3,4,7,8,11,10,5,0
2,4,3,7,8,11,10,5,0
2,4,7,3,8,11,10,5,0
2,3,7,9,12,11,10,5,0
2,8,9,13,12,11,10,5,0
2,7,9,13,12,11,10,5,0
2,8,7,9,12,11,10,5,0
2,4,7,9,12,11,10,5,0
2,3,8,9,12,11,10,5,0
2,7,8,9,12,11,10,5,0
2,8,9,12,15,11,10,5,0
2,7,9,12,15,11,10,5,0
2,7,4,3,8,11,10,5,0
2,3,4,7,9,8,10,5,0
2,7,9,12,11,8,10,5,0
2,8,11,12,9,7,3,5,0
2,4,7,9,8,10,5,1,0
2,3,7,9,8,10,5,1,0
2,3,4,7,8,10,5,1,0
2,4,3,7,8,10,5,1,0
2,4,7,3,8,10,5,1,0
2,4,3,8,11,10,5,1,0
2,8,9,12,11,10,5,1,0
2,7,9,12,11,10,5,1,0
2,7,3,8,11,10,5,1,0
2,3,7,8,11,10,5,1,0
2,4,7,8,11,10,5,1,0
2,7,9,8,11,10,5,1,0
2,8,11,15,14,10,5,1,0
2,7,4,3,8,10,5,1,0
2,3,4,7,9,8,5,1,0
2,7,9,12,11,8,5,1,0
2,4,3,7,9,8,5,1,0
2,4,3,8,9,7,5,1,0
2,8,11,12,9,7,5,1,0
2,4,7,9,8,3,5,1,0
