2,7
2,3,7
2,8,7
2,5,7
2,4,7
2,4,3,7
2,8,9,7
2,5,8,7
2,3,8,7
2,3,5,7
2,8,5,7
2,1,5,7
2,3,4,7
2,5,3,7
2,8,3,7
2,1,5,3,7
2,5,8,9,7
2,3,8,9,7
2,5,3,8,7
2,1,5,8,7
2,3,5,8,7
2,5,10,8,7
2,4,3,8,7
2,4,3,5,7
2,8,3,5,7
2,3,8,5,7
2,8,10,5,7
2,1,0,5,7
2,5,3,4,7
2,8,3,4,7
2,8,5,3,7
2,5,8,3,7
2,1,0,5,3,7
2,5,10,8,9,7
2,3,5,8,9,7
2,1,5,8,9,7
2,5,3,8,9,7
2,8,11,12,9,7
2,4,3,8,9,7
2,1,0,5,8,7
2,4,3,5,8,7
2,1,5,10,8,7
2,3,5,10,8,7
2,5,10,11,8,7
2,1,5,3,8,7
2,8,11,10,5,7
2,3,8,10,5,7
2,4,3,8,5,7
2,5,8,3,4,7
2,8,5,3,4,7
2,1,5,3,4,7
2,8,10,5,3,7
2,5,10,8,3,7
2,1,5,8,3,7
2,8,11,10,5,3,7
2,5,10,11,8,9,7
2,3,5,10,8,9,7
2,1,5,10,8,9,7
2,4,3,5,8,9,7
2,1,0,5,8,9,7
2,8,11,15,12,9,7
2,5,8,11,12,9,7
2,5,10,11,12,9,7
2,8,10,11,12,9,7
2,3,8,11,12,9,7
2,8,11,12,13,9,7
2,1,5,3,8,9,7
2,1,0,5,10,8,7
2,4,3,5,10,8,7
2,3,5,10,11,8,7
2,1,5,10,11,8,7
2,1,0,5,3,8,7
2,4,3,8,10,5,7
2,3,8,11,10,5,7
2,1,5,8,3,4,7
2,5,10,8,3,4,7
2,8,10,5,3,4,7
2,1,0,5,3,4,7
2,5,10,11,8,3,7
2,1,5,10,8,3,7
2,1,0,5,8,3,7
2,1,5,10,11,8,3,7
2,1,5,10,11,8,9,7
2,3,5,10,11,8,9,7
2,4,3,5,10,8,9,7
2,1,0,5,10,8,9,7
2,8,11,15,22,12,9,7
2,8,11,15,21,12,9,7
2,8,11,15,17,12,9,7
2,8,10,11,15,12,9,7
2,5,10,11,15,12,9,7
2,5,8,11,15,12,9,7
2,5,10,14,15,12,9,7
2,8,10,14,15,12,9,7
2,3,8,11,15,12,9,7
2,5,10,8,11,12,9,7
2,3,5,8,11,12,9,7
2,1,5,8,11,12,9,7
2,5,3,8,11,12,9,7
2,1,5,10,11,12,9,7
2,5,8,10,11,12,9,7
2,3,8,10,11,12,9,7
2,3,5,10,11,12,9,7
2,8,5,10,11,12,9,7
2,4,3,8,11,12,9,7
2,8,11,12,17,13,9,7
2,8,11,15,17,13,9,7
2,3,8,11,12,13,9,7
2,8,10,11,12,13,9,7
2,5,10,11,12,13,9,7
2,5,8,11,12,13,9,7
2,8,11,15,12,13,9,7
2,1,0,5,3,8,9,7
2,5,10,14,15,11,8,7
2,4,3,5,10,11,8,7
2,1,0,5,10,11,8,7
2,5,10,11,12,9,8,7
2,8,9,12,11,10,5,7
2,4,3,8,11,10,5,7
2,8,11,15,14,10,5,7
2,1,0,5,8,3,4,7
2,1,5,10,8,3,4,7
2,5,10,11,8,3,4,7
2,8,11,10,5,3,4,7
2,1,0,5,10,8,3,7
