2,8
2,3,8
2,7,8
2,5,8
2,4,3,8
2,5,10,8
2,7,9,8
2,4,7,8
2,5,7,8
2,3,7,8
2,3,5,8
2,7,5,8
2,1,5,8
2,5,3,8
2,7,3,8
2,7,4,3,8
2,5,10,11,8
2,7,5,10,8
2,3,5,10,8
2,1,5,10,8
2,5,7,9,8
2,4,7,9,8
2,3,7,9,8
2,5,3,7,8
2,3,4,7,8
2,1,5,7,8
2,3,5,7,8
2,4,3,7,8
2,4,3,5,8
2,7,3,5,8
2,3,7,5,8
2,4,7,5,8
2,1,0,5,8
2,1,5,3,8
2,7,5,3,8
2,5,7,3,8
2,4,7,3,8
2,5,7,4,3,8
2,3,5,10,11,8
2,7,5,10,11,8
2,7,9,12,11,8
2,1,5,10,11,8
2,4,7,5,10,8
2,3,7,5,10,8
2,7,3,5,10,8
2,4,3,5,10,8
2,1,0,5,10,8
2,3,5,7,9,8
2,1,5,7,9,8
2,3,4,7,9,8
2,5,3,7,9,8
2,4,3,7,9,8
2,5,3,4,7,8
2,1,0,5,7,8
2,4,3,5,7,8
2,1,5,3,7,8
2,4,7,3,5,8
2,4,3,7,5,8
2,3,4,7,5,8
2,7,4,3,5,8
2,1,0,5,3,8
2,4,7,5,3,8
2,1,5,7,3,8
2,1,5,7,4,3,8
2,4,3,5,10,11,8
2,7,3,5,10,11,8
2,3,7,5,10,11,8
2,4,7,5,10,11,8
2,3,7,9,12,11,8
2,7,9,13,12,11,8
2,5,7,9,12,11,8
2,4,7,9,12,11,8
2,5,10,14,15,11,8
2,7,9,12,15,11,8
2,1,0,5,10,11,8
2,3,4,7,5,10,8
2,4,3,7,5,10,8
2,4,7,3,5,10,8
2,7,9,12,11,10,8
2,7,4,3,5,10,8
2,4,3,5,7,9,8
2,1,0,5,7,9,8
2,5,3,4,7,9,8
2,5,10,11,12,9,8
2,1,5,3,7,9,8
2,1,5,3,4,7,8
2,1,0,5,3,7,8
2,1,0,5,7,3,8
2,1,0,5,7,4,3,8
2,4,7,3,5,10,11,8
2,4,3,7,5,10,11,8
2,3,4,7,5,10,11,8
2,4,3,7,9,12,11,8
2,7,9,13,17,12,11,8
2,5,10,14,15,12,11,8
2,4,7,9,13,12,11,8
2,5,7,9,13,12,11,8
2,3,7,9,13,12,11,8
2,3,5,7,9,12,11,8
2,1,5,7,9,12,11,8
2,3,4,7,9,12,11,8
2,5,3,7,9,12,11,8
2,7,9,12,22,15,11,8
2,7,9,12,21,15,11,8
2,5,10,14,20,15,11,8
2,5,10,18,20,15,11,8
2,7,9,13,17,15,11,8
2,7,9,12,17,15,11,8
2,1,5,10,14,15,11,8
2,3,5,10,14,15,11,8
2,7,5,10,14,15,11,8
2,5,10,18,14,15,11,8
2,4,7,9,12,15,11,8
2,5,7,9,12,15,11,8
2,7,9,13,12,15,11,8
2,3,7,9,12,15,11,8
2,7,4,3,5,10,11,8
2,4,7,9,12,11,10,8
2,5,7,9,12,11,10,8
2,7,9,13,12,11,10,8
2,3,7,9,12,11,10,8
2,7,9,12,15,14,10,8
2,7,9,12,15,11,10,8
2,1,5,3,4,7,9,8
2,5,10,14,15,12,9,8
2,5,10,11,15,12,9,8
2,3,5,10,11,12,9,8
2,7,5,10,11,12,9,8
2,1,5,10,11,12,9,8
2,5,10,11,12,13,9,8
2,1,0,5,3,7,9,8
2,5,10,11,12,9,7,8
2,1,0,5,3,4,7,8
2,7,9,12,11,10,5,8
