20,21
20,15,21
20,14,15,21
20,15,12,21
20,15,22,21
20,15,17,21
20,14,15,12,21
20,15,17,22,21
20,15,12,22,21
20,14,15,22,21
20,15,22,17,21
20,15,12,17,21
20,14,15,17,21
20,18,14,15,21
20,15,17,12,21
20,15,22,12,21
20,15,11,12,21
20,14,15,11,12,21
20,15,11,12,22,21
20,15,17,12,22,21
20,18,14,15,22,21
20,14,15,17,22,21
20,15,12,17,22,21
20,15,17,23,22,21
20,14,15,12,22,21
20,15,11,12,17,21
20,15,22,12,17,21
20,15,12,13,17,21
20,18,14,15,17,21
20,14,15,22,17,21
20,15,12,22,17,21
20,15,22,23,17,21
20,14,15,12,17,21
20,18,10,11,15,21
20,18,10,14,15,21
20,14,10,11,15,21
20,14,10,11,12,21
20,18,10,11,12,21
20,15,17,13,12,21
20,18,14,15,12,21
20,14,15,17,12,21
20,15,22,17,12,21
20,14,15,22,12,21
20,15,17,22,12,21
20,18,10,8,9,12,21
20,14,15,17,12,22,21
20,18,14,15,12,22,21
20,15,17,13,12,22,21
20,18,10,11,12,22,21
20,14,10,11,12,22,21
20,14,10,11,15,22,21
20,18,10,14,15,22,21
20,18,10,11,15,22,21
20,14,15,12,17,22,21
20,18,14,15,17,22,21
20,15,12,13,17,22,21
20,15,11,12,17,22,21
20,14,15,17,23,22,21
20,15,12,17,23,22,21
20,14,15,11,12,22,21
20,14,15,22,12,17,21
20,18,14,15,12,17,21
20,18,10,11,12,17,21
20,14,10,11,12,17,21
20,15,12,9,13,17,21
20,15,22,12,13,17,21
20,15,11,12,13,17,21
20,14,15,12,13,17,21
20,14,10,11,15,17,21
20,18,10,14,15,17,21
20,18,10,11,15,17,21
20,14,15,12,22,17,21
20,18,14,15,22,17,21
20,15,11,12,22,17,21
20,15,12,22,23,17,21
20,14,15,22,23,17,21
20,14,15,11,12,17,21
20,18,14,10,11,15,21
20,14,18,10,11,15,21
20,14,10,8,11,15,21
20,18,10,11,12,15,21
20,14,10,11,12,15,21
20,18,10,8,11,15,21
20,15,17,13,9,12,21
20,14,10,8,9,12,21
20,15,11,8,9,12,21
20,18,10,8,11,12,21
20,18,14,15,11,12,21
20,15,14,10,11,12,21
20,18,14,10,11,12,21
20,14,18,10,11,12,21
20,14,10,8,11,12,21
20,15,22,17,13,12,21
20,14,15,17,13,12,21
20,14,10,11,15,12,21
20,18,10,14,15,12,21
20,18,10,11,15,12,21
20,15,22,23,17,12,21
20,14,15,22,17,12,21
20,18,14,15,17,12,21
20,15,17,23,22,12,21
20,14,15,17,22,12,21
20,18,14,15,22,12,21
20,18,10,5,7,9,12,21
20,18,14,15,17,12,22,21
20,18,10,11,15,12,22,21
20,18,10,14,15,12,22,21
20,14,10,11,15,12,22,21
20,14,15,17,13,12,22,21
20,14,10,8,11,12,22,21
20,14,18,10,11,12,22,21
20,18,14,10,11,12,22,21
20,15,14,10,11,12,22,21
20,18,14,15,11,12,22,21
20,18,10,8,11,12,22,21
20,15,11,8,9,12,22,21
20,14,10,8,9,12,22,21
20,15,17,13,9,12,22,21
20,18,10,8,11,15,22,21
20,14,10,11,12,15,22,21
20,18,10,11,12,15,22,21
20,14,10,8,11,15,22,21
20,14,18,10,11,15,22,21
20,18,14,10,11,15,22,21
20,14,15,11,12,17,22,21
20,18,10,11,15,17,22,21
20,18,10,14,15,17,22,21
20,14,10,11,15,17,22,21
20,14,15,12,13,17,22,21
20,15,11,12,13,17,22,21
20,15,12,9,13,17,22,21
20,14,10,11,12,17,22,21
20,18,10,11,12,17,22,21
20,18,14,15,12,17,22,21
20,14,15,12,17,23,22,21
20,15,11,12,17,23,22,21
20,15,12,13,17,23,22,21
20,18,14,15,17,23,22,21
20,18,10,8,9,12,22,21
20,18,14,15,22,12,17,21
20,18,10,11,15,12,17,21
20,18,10,14,15,12,17,21
20,14,10,11,15,12,17,21
20,14,10,8,11,12,17,21
20,14,18,10,11,12,17,21
20,18,14,10,11,12,17,21
20,15,14,10,11,12,17,21
20,18,14,15,11,12,17,21
20,18,10,8,11,12,17,21
20,15,11,8,9,12,17,21
20,14,10,8,9,12,17,21
20,18,10,8,9,13,17,21
20,14,10,11,12,13,17,21
20,18,10,11,12,13,17,21
20,18,14,15,12,13,17,21
20,14,15,22,12,13,17,21
20,14,15,11,12,13,17,21
20,15,11,8,9,13,17,21
20,14,10,8,9,13,17,21
20,14,15,12,9,13,17,21
20,15,11,12,9,13,17,21
20,15,22,12,9,13,17,21
20,18,10,8,11,15,17,21
20,14,10,11,12,15,17,21
20,18,10,11,12,15,17,21
20,14,10,8,11,15,17,21
20,14,18,10,11,15,17,21
20,18,14,10,11,15,17,21
20,14,15,11,12,22,17,21
20,18,10,11,15,22,17,21
20,18,10,14,15,22,17,21
20,14,10,11,15,22,17,21
20,14,10,11,12,22,17,21
20,18,10,11,12,22,17,21
20,18,14,15,12,22,17,21
20,15,11,12,22,23,17,21
20,18,14,15,22,23,17,21
20,14,15,12,22,23,17,21
20,18,10,8,9,12,17,21
20,14,10,5,8,11,15,21
20,14,18,10,8,11,15,21
20,18,14,10,8,11,15,21
20,18,10,8,9,12,15,21
20,14,10,8,11,12,15,21
20,14,18,10,11,12,15,21
20,18,14,10,11,12,15,21
20,18,10,8,11,12,15,21
20,14,10,8,9,12,15,21
20,14,10,11,12,17,15,21
20,18,10,11,12,17,15,21
20,14,10,11,12,22,15,21
20,18,10,11,12,22,15,21
20,18,10,5,8,11,15,21
20,14,15,17,13,9,12,21
20,15,22,17,13,9,12,21
20,14,10,5,8,9,12,21
20,14,18,10,8,9,12,21
20,18,14,10,8,9,12,21
20,15,14,10,8,9,12,21
20,15,11,10,8,9,12,21
20,14,15,11,8,9,12,21
20,14,10,11,8,9,12,21
20,18,10,11,8,9,12,21
20,18,10,5,8,9,12,21
20,14,10,5,7,9,12,21
20,18,10,8,7,9,12,21
20,15,11,8,7,9,12,21
20,14,10,8,7,9,12,21
20,18,10,5,8,11,12,21
20,18,10,14,15,11,12,21
20,15,14,18,10,11,12,21
20,14,10,5,8,11,12,21
20,14,18,10,8,11,12,21
20,18,14,10,8,11,12,21
20,15,14,10,8,11,12,21
20,18,10,8,9,13,12,21
20,18,14,15,17,13,12,21
20,14,15,22,17,13,12,21
20,15,22,23,17,13,12,21
20,15,11,8,9,13,12,21
20,14,10,8,9,13,12,21
20,18,10,8,11,15,12,21
20,14,10,8,11,15,12,21
20,14,18,10,11,15,12,21
20,18,14,10,11,15,12,21
20,14,15,22,23,17,12,21
20,18,14,15,22,17,12,21
20,18,10,11,15,17,12,21
20,18,10,14,15,17,12,21
20,14,10,11,15,17,12,21
20,14,15,17,23,22,12,21
20,18,14,15,17,22,12,21
20,18,10,11,15,22,12,21
20,18,10,14,15,22,12,21
20,14,10,11,15,22,12,21
