22,15
22,17,15
22,12,15
22,21,15
22,21,17,15
22,21,12,15
22,17,12,15
22,12,11,15
22,12,21,15
22,17,21,15
22,21,20,15
22,23,17,15
22,12,17,15
22,17,12,11,15
22,23,17,21,15
22,17,12,21,15
22,12,17,21,15
22,12,21,20,15
22,17,21,20,15
22,21,12,17,15
22,12,13,17,15
22,12,21,17,15
22,21,20,14,15
22,23,17,12,15
22,17,21,12,15
22,17,13,12,15
22,21,17,12,15
22,21,12,11,15
22,12,9,8,11,15
22,23,17,12,21,15
22,12,13,17,21,15
22,17,13,12,21,15
22,17,12,21,20,15
22,23,17,21,20,15
22,12,17,21,20,15
22,12,9,13,17,15
22,21,12,13,17,15
22,21,20,18,14,15
22,17,21,20,14,15
22,12,21,20,14,15
22,12,11,10,14,15
22,21,17,13,12,15
22,23,17,13,12,15
22,23,17,21,12,15
22,17,13,9,12,15
22,21,17,12,11,15
22,17,13,12,11,15
22,17,21,12,11,15
22,23,17,12,11,15
22,12,9,7,8,11,15
22,23,17,13,12,21,15
22,12,9,13,17,21,15
22,17,13,9,12,21,15
22,12,11,10,18,20,15
22,17,13,12,21,20,15
22,12,13,17,21,20,15
22,23,17,12,21,20,15
22,12,11,10,14,20,15
22,21,12,9,13,17,15
22,21,20,18,10,14,15
22,21,12,11,10,14,15
22,17,12,11,10,14,15
22,12,11,8,10,14,15
22,12,11,10,18,14,15
22,12,21,20,18,14,15
22,17,21,20,18,14,15
22,12,17,21,20,14,15
22,23,17,21,20,14,15
22,17,12,21,20,14,15
22,12,9,8,10,14,15
22,21,17,13,9,12,15
22,23,17,13,9,12,15
22,21,12,9,8,11,15
22,17,13,9,8,11,15
22,12,13,9,8,11,15
22,17,12,9,8,11,15
22,12,9,8,10,11,15
22,21,20,18,10,11,15
22,21,20,14,10,11,15
22,17,13,9,12,11,15
22,23,17,21,12,11,15
22,23,17,13,12,11,15
22,21,17,13,12,11,15
22,12,9,7,2,8,11,15
22,12,11,10,14,20,21,15
22,12,11,10,18,20,21,15
22,23,17,13,9,12,21,15
22,12,11,10,18,14,20,15
22,12,11,8,10,14,20,15
22,17,12,11,10,14,20,15
22,21,12,11,10,14,20,15
22,12,9,8,10,18,20,15
22,12,11,10,14,18,20,15
22,12,11,8,10,18,20,15
22,17,12,11,10,18,20,15
22,21,12,11,10,18,20,15
22,17,13,9,12,21,20,15
22,12,9,13,17,21,20,15
22,23,17,13,12,21,20,15
22,12,9,8,10,14,20,15
22,12,11,8,9,13,17,15
22,17,21,20,18,10,14,15
22,12,21,20,18,10,14,15
22,21,17,12,11,10,14,15
22,17,13,12,11,10,14,15
22,17,21,12,11,10,14,15
22,23,17,12,11,10,14,15
22,12,9,8,11,10,14,15
22,17,12,9,8,10,14,15
22,12,13,9,8,10,14,15
22,17,13,9,8,10,14,15
22,21,12,9,8,10,14,15
22,17,12,11,8,10,14,15
22,21,12,11,8,10,14,15
22,12,9,7,8,10,14,15
22,12,9,8,5,10,14,15
22,12,11,8,5,10,14,15
22,12,9,8,10,18,14,15
22,17,12,21,20,18,14,15
22,23,17,21,20,18,14,15
22,12,17,21,20,18,14,15
22,12,11,8,10,18,14,15
22,17,12,11,10,18,14,15
22,21,12,11,10,18,14,15
22,23,17,12,21,20,14,15
22,12,13,17,21,20,14,15
22,17,13,12,21,20,14,15
22,12,11,10,18,20,14,15
22,12,9,7,5,10,14,15
22,21,20,18,10,11,12,15
22,17,13,9,8,11,12,15
22,21,20,14,10,11,12,15
22,21,20,14,10,8,11,15
22,21,20,18,10,8,11,15
22,21,17,12,9,8,11,15
22,17,13,12,9,8,11,15
22,17,21,12,9,8,11,15
22,23,17,12,9,8,11,15
22,21,17,13,9,8,11,15
22,21,12,13,9,8,11,15
22,17,12,13,9,8,11,15
22,23,17,13,9,8,11,15
22,12,17,13,9,8,11,15
22,17,12,9,7,8,11,15
22,12,13,9,7,8,11,15
22,17,13,9,7,8,11,15
22,21,12,9,7,8,11,15
22,12,9,7,5,8,11,15
22,12,9,7,3,8,11,15
22,12,9,7,5,10,11,15
22,21,20,14,18,10,11,15
22,17,21,20,18,10,11,15
22,12,21,20,18,10,11,15
22,21,20,18,14,10,11,15
22,17,21,20,14,10,11,15
22,12,21,20,14,10,11,15
22,17,12,9,8,10,11,15
22,12,13,9,8,10,11,15
22,17,13,9,8,10,11,15
22,21,12,9,8,10,11,15
22,12,9,7,8,10,11,15
22,12,9,8,5,10,11,15
22,23,17,13,9,12,11,15
22,21,17,13,9,12,11,15
