22,23
22,17,23
22,15,17,23
22,21,17,23
22,12,17,23
22,21,15,17,23
22,12,15,17,23
22,15,21,17,23
22,12,21,17,23
22,15,12,17,23
22,21,12,17,23
22,12,13,17,23
22,21,15,12,17,23
22,15,11,12,17,23
22,15,21,12,17,23
22,12,9,13,17,23
22,21,12,13,17,23
22,15,12,13,17,23
22,21,20,15,17,23
22,21,12,15,17,23
22,12,11,15,17,23
22,12,21,15,17,23
22,12,15,21,17,23
22,15,12,21,17,23
22,15,20,21,17,23
22,21,15,11,12,17,23
22,15,20,21,12,17,23
22,21,20,15,12,17,23
22,15,12,9,13,17,23
22,15,21,12,13,17,23
22,15,11,12,13,17,23
22,21,15,12,13,17,23
22,21,12,9,13,17,23
22,21,12,11,15,17,23
22,12,21,20,15,17,23
22,21,20,14,15,17,23
22,15,11,12,21,17,23
22,12,15,20,21,17,23
22,15,14,20,21,17,23
22,12,11,15,21,17,23
22,15,11,8,9,12,17,23
22,15,14,20,21,12,17,23
22,21,20,14,15,12,17,23
22,15,14,10,11,12,17,23
22,21,20,15,11,12,17,23
22,12,11,8,9,13,17,23
22,21,20,15,12,13,17,23
22,15,20,21,12,13,17,23
22,21,15,11,12,13,17,23
22,15,11,8,9,13,17,23
22,21,15,12,9,13,17,23
22,15,11,12,9,13,17,23
22,15,21,12,9,13,17,23
22,12,9,8,11,15,17,23
22,12,11,10,14,15,17,23
22,21,20,18,14,15,17,23
22,12,21,20,14,15,17,23
22,15,14,18,20,21,17,23
22,12,15,14,20,21,17,23
22,12,11,15,20,21,17,23
