23,22
23,17,22
23,17,15,22
23,17,12,22
23,17,21,22
23,17,21,15,22
23,17,21,12,22
23,17,13,12,22
23,17,15,12,22
23,17,12,21,22
23,17,15,21,22
23,17,12,15,22
23,17,21,15,12,22
23,17,15,20,21,22
23,17,15,12,21,22
23,17,13,12,21,22
23,17,12,15,21,22
23,17,12,21,15,22
23,17,12,11,15,22
23,17,13,12,15,22
23,17,21,12,15,22
23,17,21,20,15,22
23,17,15,21,12,22
23,17,13,9,12,22
23,17,15,11,12,22
23,17,21,15,11,12,22
23,17,13,9,12,21,22
23,17,13,12,15,21,22
23,17,12,11,15,21,22
23,17,15,14,20,21,22
23,17,12,15,20,21,22
23,17,15,11,12,21,22
23,17,13,12,11,15,22
23,17,13,9,12,15,22
23,17,21,20,14,15,22
23,17,12,21,20,15,22
23,17,13,12,21,15,22
23,17,21,12,11,15,22
23,17,21,20,15,12,22
23,17,15,20,21,12,22
23,17,15,11,8,9,12,22
23,17,13,12,11,15,21,22
23,17,15,14,18,20,21,22
23,17,12,11,15,20,21,22
23,17,13,12,15,20,21,22
23,17,12,15,14,20,21,22
23,17,13,9,12,15,21,22
23,17,13,9,12,11,15,22
23,17,13,9,8,11,15,22
23,17,12,21,20,14,15,22
23,17,21,20,18,14,15,22
23,17,12,11,10,14,15,22
23,17,13,12,21,20,15,22
23,17,13,9,12,21,15,22
23,17,12,9,8,11,15,22
23,17,21,20,15,11,12,22
23,17,15,14,10,11,12,22
23,17,13,9,8,11,12,22
23,17,21,20,14,15,12,22
23,17,15,14,20,21,12,22
