3,4
3,2,4
3,7,4
3,5,2,4
3,5,7,4
3,8,7,4
3,2,7,4
3,7,2,4
3,8,2,4
3,5,1,2,4
3,8,2,7,4
3,2,5,7,4
3,8,5,7,4
3,2,8,7,4
3,5,8,7,4
3,8,9,7,4
3,5,2,7,4
3,8,5,2,4
3,7,5,2,4
3,8,7,2,4
3,5,7,2,4
3,7,8,2,4
3,5,8,2,4
3,5,0,1,2,4
3,5,8,2,7,4
3,8,5,2,7,4
3,2,1,5,7,4
3,8,10,5,7,4
3,2,8,5,7,4
3,8,2,5,7,4
3,5,2,8,7,4
3,5,10,8,7,4
3,2,5,8,7,4
3,5,8,9,7,4
3,2,8,9,7,4
3,5,1,2,7,4
3,7,5,1,2,4
3,8,5,1,2,4
3,8,10,5,2,4
3,7,8,5,2,4
3,8,7,5,2,4
3,8,9,7,2,4
3,5,8,7,2,4
3,8,5,7,2,4
3,5,10,8,2,4
3,7,9,8,2,4
3,5,7,8,2,4
3,7,5,8,2,4
3,7,5,0,1,2,4
3,5,10,8,2,7,4
3,8,10,5,2,7,4
3,8,5,1,2,7,4
3,2,1,0,5,7,4
3,2,8,10,5,7,4
3,8,11,10,5,7,4
3,8,2,1,5,7,4
3,5,1,2,8,7,4
3,5,10,11,8,7,4
3,2,5,10,8,7,4
3,2,1,5,8,7,4
3,5,2,8,9,7,4
3,8,11,12,9,7,4
3,2,5,8,9,7,4
3,5,10,8,9,7,4
3,5,0,1,2,7,4
3,8,7,5,1,2,4
3,7,8,5,1,2,4
3,8,10,5,1,2,4
3,8,5,0,1,2,4
3,7,8,10,5,2,4
3,8,11,10,5,2,4
3,7,9,8,5,2,4
3,8,9,7,5,2,4
3,5,8,9,7,2,4
3,5,10,8,7,2,4
3,8,10,5,7,2,4
3,5,10,11,8,2,4
3,7,5,10,8,2,4
3,5,7,9,8,2,4
3,8,7,5,0,1,2,4
3,8,11,10,5,2,7,4
3,8,5,0,1,2,7,4
3,8,10,5,1,2,7,4
3,8,2,1,0,5,7,4
3,2,8,11,10,5,7,4
3,5,0,1,2,8,7,4
3,2,5,10,11,8,7,4
3,2,1,5,10,8,7,4
3,2,1,0,5,8,7,4
3,5,1,2,8,9,7,4
3,8,11,12,13,9,7,4
3,2,8,11,12,9,7,4
3,8,10,11,12,9,7,4
3,5,10,11,12,9,7,4
3,5,8,11,12,9,7,4
3,8,11,15,12,9,7,4
3,2,1,5,8,9,7,4
3,2,5,10,8,9,7,4
3,5,10,11,8,9,7,4
3,5,10,11,8,2,7,4
3,8,9,7,5,1,2,4
3,7,9,8,5,1,2,4
3,8,11,10,5,1,2,4
3,7,8,10,5,1,2,4
3,8,10,5,0,1,2,4
3,7,8,5,0,1,2,4
3,7,9,8,10,5,2,4
3,7,8,11,10,5,2,4
3,5,10,8,9,7,2,4
3,8,11,12,9,7,2,4
3,5,10,11,8,7,2,4
3,8,11,10,5,7,2,4
3,7,5,10,11,8,2,4
3,7,9,12,11,8,2,4
