5,3
5,2,3
5,8,3
5,7,3
5,1,2,3
5,7,8,3
5,10,8,3
5,2,8,3
5,8,7,3
5,2,7,3
5,7,4,3
5,2,4,3
5,7,2,3
5,8,2,3
5,0,1,2,3
5,7,2,8,3
5,2,7,8,3
5,7,9,8,3
5,10,11,8,3
5,1,2,8,3
5,8,2,7,3
5,2,4,7,3
5,2,8,7,3
5,10,8,7,3
5,8,9,7,3
5,1,2,7,3
5,8,2,4,3
5,7,2,4,3
5,2,7,4,3
5,8,7,4,3
5,1,2,4,3
5,7,4,2,3
5,8,7,2,3
5,10,8,2,3
5,7,8,2,3
5,8,7,4,2,3
5,7,4,2,8,3
5,1,2,7,8,3
5,2,4,7,8,3
5,2,7,9,8,3
5,0,1,2,8,3
5,10,8,2,7,3
5,1,2,4,7,3
5,8,2,4,7,3
5,1,2,8,7,3
5,10,11,8,7,3
5,10,8,9,7,3
5,2,8,9,7,3
5,0,1,2,7,3
5,7,8,2,4,3
5,10,8,2,4,3
5,8,7,2,4,3
5,1,2,7,4,3
5,8,9,7,4,3
5,10,8,7,4,3
5,2,8,7,4,3
5,8,2,7,4,3
5,0,1,2,4,3
5,8,9,7,2,3
5,10,8,7,2,3
5,10,11,8,2,3
5,7,9,8,2,3
5,10,8,7,4,2,3
5,1,2,4,7,8,3
5,1,2,7,9,8,3
5,10,11,12,9,8,3
5,2,4,7,9,8,3
5,10,14,15,11,8,3
5,7,9,12,11,8,3
5,0,1,2,7,8,3
5,0,1,2,4,7,3
5,10,8,2,4,7,3
5,0,1,2,8,7,3
5,8,11,12,9,7,3
5,10,11,12,9,7,3
5,10,11,8,9,7,3
5,1,2,8,9,7,3
5,10,11,8,2,7,3
5,10,11,8,2,4,3
5,10,8,7,2,4,3
5,8,9,7,2,4,3
5,0,1,2,7,4,3
5,2,8,9,7,4,3
5,10,8,9,7,4,3
5,10,11,8,7,4,3
5,1,2,8,7,4,3
5,10,8,2,7,4,3
5,7,9,8,2,4,3
5,8,9,7,4,2,3
5,10,8,9,7,2,3
5,10,11,8,7,2,3
5,10,11,8,7,4,2,3
5,0,1,2,4,7,8,3
5,0,1,2,7,9,8,3
5,10,11,12,13,9,8,3
5,10,14,15,12,9,8,3
5,10,11,15,12,9,8,3
5,1,2,4,7,9,8,3
5,7,9,12,11,10,8,3
5,7,9,12,15,11,8,3
5,10,18,14,15,11,8,3
5,10,18,20,15,11,8,3
5,10,14,20,15,11,8,3
5,7,9,13,12,11,8,3
5,10,14,15,12,11,8,3
5,2,7,9,12,11,8,3
5,10,11,12,9,7,8,3
5,10,14,15,11,8,7,3
5,10,11,12,9,8,7,3
5,10,11,12,13,9,7,3
5,8,11,12,13,9,7,3
5,2,8,11,12,9,7,3
5,8,10,11,12,9,7,3
5,10,8,11,12,9,7,3
5,8,11,15,12,9,7,3
5,10,14,15,12,9,7,3
5,10,11,15,12,9,7,3
5,0,1,2,8,9,7,3
5,10,11,8,2,4,7,3
5,10,8,9,7,2,4,3
5,10,11,8,2,7,4,3
5,1,2,8,9,7,4,3
5,10,11,8,9,7,4,3
5,10,11,12,9,7,4,3
5,8,11,12,9,7,4,3
5,0,1,2,8,7,4,3
5,10,11,8,7,2,4,3
5,10,8,9,7,4,2,3
5,10,11,8,9,7,2,3
5,10,11,12,9,7,2,3
5,8,11,12,9,7,2,3
5,7,9,12,11,8,2,3
5,10,14,15,11,8,2,3
5,10,11,12,9,8,2,3
