7,4
7,2,4
7,3,4
7,3,2,4
7,5,3,4
7,8,3,4
7,2,3,4
7,5,2,4
7,8,2,4
7,5,1,2,4
7,5,2,3,4
7,2,5,3,4
7,8,5,3,4
7,2,8,3,4
7,9,8,3,4
7,5,8,3,4
7,8,2,3,4
7,8,3,2,4
7,5,3,2,4
7,8,5,2,4
7,3,5,2,4
7,9,8,2,4
7,5,8,2,4
7,3,8,2,4
7,5,0,1,2,4
7,5,8,2,3,4
7,9,8,2,3,4
7,8,5,2,3,4
7,2,1,5,3,4
7,8,10,5,3,4
7,9,8,5,3,4
7,2,8,5,3,4
7,8,2,5,3,4
7,5,2,8,3,4
7,5,10,8,3,4
7,2,5,8,3,4
7,5,1,2,3,4
7,3,5,1,2,4
7,8,5,1,2,4
7,5,8,3,2,4
7,9,8,3,2,4
7,8,5,3,2,4
7,8,10,5,2,4
7,3,8,5,2,4
7,9,8,5,2,4
7,8,3,5,2,4
7,5,10,8,2,4
7,3,5,8,2,4
7,5,3,8,2,4
7,3,5,0,1,2,4
7,5,10,8,2,3,4
7,9,8,5,2,3,4
7,8,10,5,2,3,4
7,8,5,1,2,3,4
7,2,1,0,5,3,4
7,2,8,10,5,3,4
7,9,8,10,5,3,4
7,8,11,10,5,3,4
7,9,8,2,5,3,4
7,8,2,1,5,3,4
7,5,1,2,8,3,4
7,5,10,11,8,3,4
7,9,12,11,8,3,4
7,2,5,10,8,3,4
7,2,1,5,8,3,4
7,5,0,1,2,3,4
7,8,3,5,1,2,4
7,9,8,5,1,2,4
7,3,8,5,1,2,4
7,8,10,5,1,2,4
7,8,5,0,1,2,4
7,5,10,8,3,2,4
7,9,8,5,3,2,4
7,8,10,5,3,2,4
7,9,8,10,5,2,4
7,3,8,10,5,2,4
7,8,11,10,5,2,4
7,9,8,3,5,2,4
7,5,10,11,8,2,4
7,9,12,11,8,2,4
7,3,5,10,8,2,4
7,8,3,5,0,1,2,4
7,5,10,11,8,2,3,4
7,8,11,10,5,2,3,4
7,9,8,10,5,2,3,4
7,8,5,0,1,2,3,4
7,8,10,5,1,2,3,4
7,9,8,5,1,2,3,4
7,8,2,1,0,5,3,4
7,2,8,11,10,5,3,4
7,9,12,11,10,5,3,4
7,9,8,11,10,5,3,4
7,9,12,11,8,5,3,4
7,9,8,2,1,5,3,4
7,5,0,1,2,8,3,4
7,9,13,12,11,8,3,4
7,9,12,15,11,8,3,4
7,2,5,10,11,8,3,4
7,9,12,11,10,8,3,4
7,2,1,5,10,8,3,4
7,2,1,0,5,8,3,4
7,9,12,11,8,2,3,4
7,9,8,3,5,1,2,4
7,8,11,10,5,1,2,4
7,3,8,10,5,1,2,4
7,9,8,10,5,1,2,4
7,8,10,5,0,1,2,4
7,3,8,5,0,1,2,4
7,9,8,5,0,1,2,4
7,9,12,11,8,3,2,4
7,5,10,11,8,3,2,4
7,8,11,10,5,3,2,4
7,9,8,10,5,3,2,4
7,9,12,11,10,5,2,4
7,3,8,11,10,5,2,4
7,9,8,11,10,5,2,4
7,9,12,11,8,5,2,4
7,3,5,10,11,8,2,4
7,9,13,12,11,8,2,4
7,9,12,15,11,8,2,4
7,9,12,11,10,8,2,4
