8,2
8,3,2
8,7,2
8,5,2
8,5,1,2
8,5,7,2
8,9,7,2
8,3,7,2
8,7,5,2
8,10,5,2
8,3,5,2
8,7,4,2
8,3,4,2
8,7,3,2
8,5,3,2
8,5,0,1,2
8,3,4,7,2
8,3,5,7,2
8,10,5,7,2
8,5,3,7,2
8,3,7,5,2
8,9,7,5,2
8,11,10,5,2
8,7,3,5,2
8,7,3,4,2
8,3,7,4,2
8,9,7,4,2
8,5,7,4,2
8,5,3,4,2
8,10,5,3,2
8,7,5,3,2
8,9,7,3,2
8,5,7,3,2
8,7,4,3,2
8,3,5,1,2
8,10,5,1,2
8,7,5,1,2
8,3,5,0,1,2
8,5,3,4,7,2
8,11,10,5,7,2
8,11,12,9,7,2
8,10,5,3,7,2
8,9,7,3,5,2
8,3,4,7,5,2
8,7,4,3,5,2
8,9,7,3,4,2
8,7,5,3,4,2
8,10,5,3,4,2
8,5,3,7,4,2
8,10,5,7,4,2
8,3,5,7,4,2
8,5,7,3,4,2
8,9,7,4,3,2
8,11,10,5,3,2
8,9,7,5,3,2
8,10,5,7,3,2
8,5,7,4,3,2
8,7,5,0,1,2
8,10,5,0,1,2
8,7,3,5,1,2
8,11,10,5,1,2
8,9,7,5,1,2
8,3,7,5,1,2
8,7,3,5,0,1,2
8,10,5,3,4,7,2
8,11,12,13,9,7,2
8,10,11,12,9,7,2
8,11,15,12,9,7,2
8,11,10,5,3,7,2
8,11,12,9,7,5,2
8,9,12,11,10,5,2
8,11,15,14,10,5,2
8,9,7,4,3,5,2
8,9,7,5,3,4,2
8,11,10,5,3,4,2
8,10,5,3,7,4,2
8,11,12,9,7,4,2
8,11,10,5,7,4,2
8,10,5,7,3,4,2
8,11,12,9,7,3,2
8,11,10,5,7,3,2
8,10,5,7,4,3,2
8,3,7,5,0,1,2
8,9,7,5,0,1,2
8,11,10,5,0,1,2
8,7,4,3,5,1,2
8,3,4,7,5,1,2
8,9,7,3,5,1,2
8,7,4,3,5,0,1,2
8,11,15,14,10,5,7,2
8,9,12,11,10,5,7,2
8,11,15,22,12,9,7,2
8,11,15,12,13,9,7,2
8,10,11,12,13,9,7,2
8,11,15,17,13,9,7,2
8,11,12,17,13,9,7,2
8,5,10,11,12,9,7,2
8,10,11,15,12,9,7,2
8,10,14,15,12,9,7,2
8,11,15,17,12,9,7,2
8,11,15,21,12,9,7,2
8,11,10,5,3,4,7,2
8,11,15,12,9,7,5,2
8,10,11,12,9,7,5,2
8,11,12,13,9,7,5,2
8,9,12,15,11,10,5,2
8,11,15,14,18,10,5,2
8,11,15,20,18,10,5,2
8,11,12,15,14,10,5,2
8,9,12,15,14,10,5,2
8,11,15,20,14,10,5,2
8,7,9,12,11,10,5,2
8,9,13,12,11,10,5,2
8,11,12,9,7,3,5,2
8,11,12,9,7,3,4,2
8,11,10,5,3,7,4,2
8,11,15,12,9,7,4,2
8,10,11,12,9,7,4,2
8,11,12,13,9,7,4,2
8,11,10,5,7,3,4,2
8,11,12,9,7,4,3,2
8,11,15,14,10,5,3,2
8,9,12,11,10,5,3,2
8,11,12,9,7,5,3,2
8,11,15,12,9,7,3,2
8,10,11,12,9,7,3,2
8,11,12,13,9,7,3,2
8,11,10,5,7,4,3,2
8,9,7,3,5,0,1,2
8,3,4,7,5,0,1,2
8,9,7,4,3,5,1,2
8,11,15,14,10,5,1,2
8,9,12,11,10,5,1,2
8,11,12,9,7,5,1,2
