8,3
8,2,3
8,7,3
8,5,3
8,5,2,3
8,5,7,3
8,9,7,3
8,2,7,3
8,7,5,3
8,10,5,3
8,2,5,3
8,7,4,3
8,2,4,3
8,7,2,3
8,5,1,2,3
8,2,4,7,3
8,2,5,7,3
8,10,5,7,3
8,5,2,7,3
8,7,2,5,3
8,2,7,5,3
8,9,7,5,3
8,11,10,5,3
8,2,1,5,3
8,7,2,4,3
8,2,7,4,3
8,9,7,4,3
8,5,7,4,3
8,5,2,4,3
8,7,4,2,3
8,10,5,2,3
8,7,5,2,3
8,9,7,2,3
8,5,7,2,3
8,5,0,1,2,3
8,10,5,2,7,3
8,5,2,4,7,3
8,2,1,5,7,3
8,11,10,5,7,3
8,11,12,9,7,3
8,5,1,2,7,3
8,7,2,1,5,3
8,9,7,2,5,3
8,7,4,2,5,3
8,2,4,7,5,3
8,2,1,0,5,3
8,5,7,2,4,3
8,9,7,2,4,3
8,7,5,2,4,3
8,10,5,2,4,3
8,5,2,7,4,3
8,10,5,7,4,3
8,2,5,7,4,3
8,5,1,2,4,3
8,7,5,1,2,3
8,10,5,1,2,3
8,5,7,4,2,3
8,9,7,4,2,3
8,11,10,5,2,3
8,9,7,5,2,3
8,10,5,7,2,3
8,7,5,0,1,2,3
8,11,10,5,2,7,3
8,10,5,1,2,7,3
8,5,1,2,4,7,3
8,10,5,2,4,7,3
8,2,1,0,5,7,3
8,11,12,13,9,7,3
8,10,11,12,9,7,3
8,11,15,12,9,7,3
8,5,0,1,2,7,3
8,7,4,2,1,5,3
8,9,7,2,1,5,3
8,9,7,4,2,5,3
8,11,12,9,7,5,3
8,11,15,14,10,5,3
8,9,12,11,10,5,3
8,7,2,1,0,5,3
8,10,5,7,2,4,3
8,9,7,5,2,4,3
8,11,10,5,2,4,3
8,10,5,1,2,4,3
8,7,5,1,2,4,3
8,5,1,2,7,4,3
8,11,12,9,7,4,3
8,11,10,5,7,4,3
8,2,1,5,7,4,3
8,10,5,2,7,4,3
8,5,0,1,2,4,3
8,9,7,5,1,2,3
8,11,10,5,1,2,3
8,10,5,0,1,2,3
8,10,5,7,4,2,3
8,11,12,9,7,2,3
8,11,10,5,7,2,3
8,9,7,5,0,1,2,3
8,11,10,5,1,2,7,3
8,5,0,1,2,4,7,3
8,10,5,1,2,4,7,3
8,11,10,5,2,4,7,3
8,9,12,11,10,5,7,3
8,11,15,14,10,5,7,3
8,11,15,22,12,9,7,3
8,11,15,12,13,9,7,3
8,10,11,12,13,9,7,3
8,11,15,17,13,9,7,3
8,11,12,17,13,9,7,3
8,5,10,11,12,9,7,3
8,10,11,15,12,9,7,3
8,10,14,15,12,9,7,3
8,11,15,17,12,9,7,3
8,11,15,21,12,9,7,3
8,10,5,0,1,2,7,3
8,9,7,2,1,0,5,3
8,9,7,4,2,1,5,3
8,11,12,9,7,2,5,3
8,11,15,12,9,7,5,3
8,10,11,12,9,7,5,3
8,11,12,13,9,7,5,3
8,11,15,14,18,10,5,3
8,11,15,20,18,10,5,3
8,11,12,15,14,10,5,3
8,9,12,15,14,10,5,3
8,11,15,20,14,10,5,3
8,7,9,12,11,10,5,3
8,9,13,12,11,10,5,3
8,9,12,15,11,10,5,3
8,7,4,2,1,0,5,3
8,11,10,5,7,2,4,3
8,11,12,9,7,2,4,3
8,10,5,0,1,2,4,3
8,11,10,5,1,2,4,3
8,9,7,5,1,2,4,3
8,5,0,1,2,7,4,3
8,11,15,12,9,7,4,3
8,10,11,12,9,7,4,3
8,11,12,13,9,7,4,3
8,2,1,0,5,7,4,3
8,10,5,1,2,7,4,3
8,11,10,5,2,7,4,3
8,7,5,0,1,2,4,3
8,11,10,5,0,1,2,3
8,11,10,5,7,4,2,3
8,11,12,9,7,4,2,3
8,9,12,11,10,5,2,3
8,11,15,14,10,5,2,3
8,11,12,9,7,5,2,3
8,11,15,12,9,7,2,3
8,10,11,12,9,7,2,3
8,11,12,13,9,7,2,3
